ITEM	1	382	783
ITEM	2	100	416
ITEM	3	596	949
ITEM	4	899	1113
ITEM	5	884	1106
ITEM	6	958	1138
ITEM	7	14	157
ITEM	8	407	806
ITEM	9	863	1096
ITEM	10	138	486
ITEM	11	245	639
ITEM	12	45	281
ITEM	13	32	237
ITEM	14	164	528
ITEM	15	219	606
ITEM	16	17	173
ITEM	17	285	685
ITEM	18	343	746
ITEM	19	553	920
ITEM	20	357	760
ITEM	21	371	773
ITEM	22	355	758
ITEM	23	910	1117
ITEM	24	466	855
ITEM	25	426	822
ITEM	26	303	705
ITEM	27	975	1144
ITEM	28	806	1069
ITEM	29	991	1151
ITEM	30	256	652
ITEM	31	951	1135
ITEM	32	53	304
ITEM	33	705	1016
ITEM	34	816	1074
ITEM	35	972	1143
ITEM	36	466	855
ITEM	37	300	702
ITEM	38	750	1040
ITEM	39	351	754
ITEM	40	775	1053
ITEM	41	74	359
ITEM	42	198	578
ITEM	43	64	334
ITEM	44	358	761
ITEM	45	487	871
ITEM	46	511	890
ITEM	47	373	775
ITEM	48	985	1148
ITEM	49	40	265
ITEM	50	230	620
ITEM	51	4	84
ITEM	52	926	1124
ITEM	53	100	416
ITEM	54	256	652
ITEM	55	775	1053
ITEM	56	679	1001
ITEM	57	809	1071
ITEM	58	724	1026
ITEM	59	85	384
ITEM	60	132	476
ITEM	61	756	1044
ITEM	62	626	968
ITEM	63	173	542
ITEM	64	404	803
ITEM	65	552	919
ITEM	66	711	1019
ITEM	67	555	921
ITEM	68	181	554
ITEM	69	970	1142
ITEM	70	686	1005
ITEM	71	528	902
ITEM	72	796	1064
ITEM	73	805	1069
ITEM	74	262	659
ITEM	75	177	548
ITEM	76	866	1098
ITEM	77	114	443
ITEM	78	59	321
ITEM	79	761	1046
ITEM	80	738	1034
ITEM	81	986	1149
ITEM	82	925	1124
ITEM	83	903	1114
ITEM	84	544	914
ITEM	85	500	881
ITEM	86	674	998
ITEM	87	489	873
ITEM	88	145	498
ITEM	89	37	255
ITEM	90	796	1064
ITEM	91	671	996
ITEM	92	731	1030
ITEM	93	584	941
ITEM	94	152	509
ITEM	95	892	1110
ITEM	96	377	779
ITEM	97	200	581
ITEM	98	205	588
ITEM	99	333	736
ITEM	100	325	728
ITEM	101	300	702
ITEM	102	802	1067
ITEM	103	696	1010
ITEM	104	271	670
ITEM	105	904	1115
ITEM	106	39	262
ITEM	107	709	1018
ITEM	108	453	845
ITEM	109	516	893
ITEM	110	256	652
ITEM	111	291	692
ITEM	112	802	1067
ITEM	113	789	1061
ITEM	114	675	998
ITEM	115	755	1043
ITEM	116	948	1133
ITEM	117	619	964
ITEM	118	722	1025
ITEM	119	968	1142
ITEM	120	368	770
ITEM	121	850	1090
ITEM	122	557	923
ITEM	123	873	1101
ITEM	124	441	835
ITEM	125	217	604
ITEM	126	859	1095
ITEM	127	280	680
ITEM	128	703	1014
ITEM	129	707	1017
ITEM	130	375	777
ITEM	131	329	732
ITEM	132	85	384
ITEM	133	976	1145
ITEM	134	285	685
ITEM	135	534	906
ITEM	136	407	806
ITEM	137	997	1153
ITEM	138	894	1110
ITEM	139	810	1071
ITEM	140	908	1117
ITEM	141	574	934
ITEM	142	706	1016
ITEM	143	401	800
ITEM	144	111	438
ITEM	145	897	1112
ITEM	146	386	787
ITEM	147	95	406
ITEM	148	777	1054
ITEM	149	783	1058
ITEM	150	665	992
ITEM	151	656	987
ITEM	152	258	655
ITEM	153	765	1048
ITEM	154	700	1013
ITEM	155	858	1094
ITEM	156	2	59
ITEM	157	678	1000
ITEM	158	928	1125
ITEM	159	42	271
ITEM	160	518	895
ITEM	161	912	1118
ITEM	162	954	1136
ITEM	163	594	948
ITEM	164	557	923
ITEM	165	968	1142
ITEM	166	483	868
ITEM	167	255	651
ITEM	168	817	1075
ITEM	169	496	878
ITEM	170	850	1090
ITEM	171	668	994
ITEM	172	926	1124
ITEM	173	451	843
ITEM	174	168	534
ITEM	175	61	326
ITEM	176	5	94
ITEM	177	541	911
ITEM	178	617	963
ITEM	179	492	875
ITEM	180	579	938
ITEM	181	601	952
ITEM	182	930	1126
ITEM	183	533	906
ITEM	184	132	476
ITEM	185	82	377
ITEM	186	575	935
ITEM	187	829	1080
ITEM	188	65	337
ITEM	189	270	669
ITEM	190	699	1012
ITEM	191	414	812
ITEM	192	365	767
ITEM	193	435	830
ITEM	194	330	733
ITEM	195	211	596
ITEM	196	740	1035
ITEM	197	523	899
ITEM	198	896	1111
ITEM	199	603	954
ITEM	200	522	898
ITEM	201	589	944
ITEM	202	584	941
ITEM	203	497	879
ITEM	204	110	436
ITEM	205	593	947
ITEM	206	558	923
ITEM	207	774	1053
ITEM	208	230	620
ITEM	209	731	1030
ITEM	210	586	942
ITEM	211	545	914
ITEM	212	807	1070
ITEM	213	964	1140
ITEM	214	95	406
ITEM	215	108	432
ITEM	216	712	1020
ITEM	217	883	1106
ITEM	218	189	565
ITEM	219	15	162
ITEM	220	184	558
ITEM	221	580	938
ITEM	222	666	993
ITEM	223	162	525
ITEM	224	195	574
ITEM	225	677	999
ITEM	226	548	916
ITEM	227	294	695
ITEM	228	540	911
ITEM	229	173	542
ITEM	230	185	560
ITEM	231	852	1091
ITEM	232	948	1133
ITEM	233	250	645
ITEM	234	431	826
ITEM	235	544	914
ITEM	236	967	1141
ITEM	237	724	1026
ITEM	238	951	1135
ITEM	239	570	932
ITEM	240	940	1130
ITEM	241	259	656
ITEM	242	166	531
ITEM	243	883	1106
ITEM	244	820	1076
ITEM	245	41	268
ITEM	246	898	1112
ITEM	247	420	817
ITEM	248	128	469
ITEM	249	30	230
ITEM	250	204	586
ITEM	251	682	1002
ITEM	252	820	1076
ITEM	253	472	860
ITEM	254	478	865
ITEM	255	584	941
ITEM	256	362	765
ITEM	257	823	1077
ITEM	258	310	713
ITEM	259	990	1150
ITEM	260	771	1051
ITEM	261	729	1029
ITEM	262	163	527
ITEM	263	808	1070
ITEM	264	926	1124
ITEM	265	232	623
ITEM	266	381	782
ITEM	267	90	395
ITEM	268	911	1118
ITEM	269	852	1091
ITEM	270	573	934
ITEM	271	14	157
ITEM	272	693	1009
ITEM	273	700	1013
ITEM	274	888	1108
ITEM	275	168	534
ITEM	276	886	1107
ITEM	277	287	688
ITEM	278	231	622
ITEM	279	42	271
ITEM	280	915	1120
ITEM	281	167	533
ITEM	282	938	1129
ITEM	283	121	456
ITEM	284	341	744
ITEM	285	95	406
ITEM	286	944	1132
ITEM	287	511	890
ITEM	288	629	970
ITEM	289	835	1083
ITEM	290	974	1144
ITEM	291	475	862
ITEM	292	151	508
ITEM	293	284	684
ITEM	294	801	1067
ITEM	295	808	1070
ITEM	296	695	1010
ITEM	297	68	344
ITEM	298	81	375
ITEM	299	442	836
ITEM	300	264	662
ITEM	301	265	663
ITEM	302	810	1071
ITEM	303	200	581
ITEM	304	454	845
ITEM	305	408	807
ITEM	306	935	1128
ITEM	307	93	401
ITEM	308	174	543
ITEM	309	433	828
ITEM	310	144	496
ITEM	311	75	361
ITEM	312	15	162
ITEM	313	719	1023
ITEM	314	367	769
ITEM	315	660	989
ITEM	316	20	188
ITEM	317	878	1103
ITEM	318	25	210
ITEM	319	302	704
ITEM	320	164	528
ITEM	321	459	849
ITEM	322	553	920
ITEM	323	958	1138
ITEM	324	306	708
ITEM	325	213	598
ITEM	326	227	616
ITEM	327	721	1025
ITEM	328	900	1113
ITEM	329	75	361
ITEM	330	833	1082
ITEM	331	943	1131
ITEM	332	252	647
ITEM	333	533	906
ITEM	334	203	585
ITEM	335	756	1044
ITEM	336	594	948
ITEM	337	518	895
ITEM	338	151	508
ITEM	339	382	783
ITEM	340	765	1048
ITEM	341	496	878
ITEM	342	841	1086
ITEM	343	155	514
ITEM	344	775	1053
ITEM	345	892	1110
ITEM	346	121	456
ITEM	347	654	986
ITEM	348	37	255
ITEM	349	531	904
ITEM	350	842	1087
ITEM	351	849	1090
ITEM	352	541	911
ITEM	353	223	611
ITEM	354	718	1023
ITEM	355	678	1000
ITEM	356	766	1049
ITEM	357	171	539
ITEM	358	724	1026
ITEM	359	946	1133
ITEM	360	592	946
ITEM	361	350	753
ITEM	362	598	950
ITEM	363	965	1140
ITEM	364	8	119
ITEM	365	506	886
ITEM	366	451	843
ITEM	367	838	1085
ITEM	368	891	1109
ITEM	369	949	1134
ITEM	370	34	244
ITEM	371	789	1061
ITEM	372	643	979
ITEM	373	771	1051
ITEM	374	685	1004
ITEM	375	446	839
ITEM	376	951	1135
ITEM	377	675	998
ITEM	378	487	871
ITEM	379	491	875
ITEM	380	479	865
ITEM	381	46	284
ITEM	382	671	996
ITEM	383	576	936
ITEM	384	742	1036
ITEM	385	432	827
ITEM	386	795	1064
ITEM	387	906	1116
ITEM	388	971	1143
ITEM	389	95	406
ITEM	390	732	1031
ITEM	391	414	812
ITEM	392	229	619
ITEM	393	770	1051
ITEM	394	990	1150
ITEM	395	911	1118
ITEM	396	571	932
ITEM	397	318	721
ITEM	398	405	804
ITEM	399	136	483
ITEM	400	529	903
ITEM	401	397	797
ITEM	402	738	1034
ITEM	403	101	418
ITEM	404	698	1012
ITEM	405	835	1083
ITEM	406	193	571
ITEM	407	644	980
ITEM	408	702	1014
ITEM	409	835	1083
ITEM	410	410	808
ITEM	411	592	946
ITEM	412	337	740
ITEM	413	695	1010
ITEM	414	942	1131
ITEM	415	436	831
ITEM	416	153	511
ITEM	417	178	549
ITEM	418	767	1049
ITEM	419	944	1132
ITEM	420	263	660
ITEM	421	202	583
ITEM	422	846	1088
ITEM	423	588	944
ITEM	424	673	997
ITEM	425	995	1152
ITEM	426	281	681
ITEM	427	216	602
ITEM	428	887	1107
ITEM	429	380	781
ITEM	430	78	368
ITEM	431	868	1099
ITEM	432	98	412
ITEM	433	345	748
ITEM	434	75	361
ITEM	435	136	483
ITEM	436	727	1028
ITEM	437	548	916
ITEM	438	40	265
ITEM	439	979	1146
ITEM	440	594	948
ITEM	441	923	1123
ITEM	442	489	873
ITEM	443	405	804
ITEM	444	511	890
ITEM	445	32	237
ITEM	446	245	639
ITEM	447	916	1120
ITEM	448	566	929
ITEM	449	330	733
ITEM	450	272	671
ITEM	451	125	463
ITEM	452	894	1110
ITEM	453	993	1151
ITEM	454	820	1076
ITEM	455	460	850
ITEM	456	195	574
ITEM	457	466	855
ITEM	458	399	799
ITEM	459	346	749
ITEM	460	808	1070
ITEM	461	388	789
ITEM	462	634	973
ITEM	463	787	1060
ITEM	464	595	948
ITEM	465	51	299
ITEM	466	510	889
ITEM	467	742	1036
ITEM	468	435	830
ITEM	469	49	293
ITEM	470	55	310
ITEM	471	208	592
ITEM	472	602	953
ITEM	473	270	669
ITEM	474	980	1146
ITEM	475	414	812
ITEM	476	806	1069
ITEM	477	892	1110
ITEM	478	323	726
ITEM	479	32	237
ITEM	480	183	557
ITEM	481	539	910
ITEM	482	606	956
ITEM	483	814	1073
ITEM	484	19	183
ITEM	485	247	641
ITEM	486	560	925
ITEM	487	556	922
ITEM	488	470	858
ITEM	489	404	803
ITEM	490	929	1126
ITEM	491	798	1065
ITEM	492	91	397
ITEM	493	317	720
ITEM	494	397	797
ITEM	495	174	543
ITEM	496	421	818
ITEM	497	559	924
ITEM	498	168	534
ITEM	499	800	1066
ITEM	500	430	825
ITEM	501	759	1045
ITEM	502	225	614
ITEM	503	622	966
ITEM	504	103	422
ITEM	505	988	1150
ITEM	506	796	1064
ITEM	507	130	472
ITEM	508	932	1127
ITEM	509	392	792
ITEM	510	77	366
ITEM	511	332	735
ITEM	512	608	957
ITEM	513	239	632
ITEM	514	721	1025
ITEM	515	406	805
ITEM	516	701	1013
ITEM	517	27	218
ITEM	518	133	478
ITEM	519	931	1126
ITEM	520	582	940
ITEM	521	814	1073
ITEM	522	110	436
ITEM	523	102	420
ITEM	524	402	801
ITEM	525	425	821
ITEM	526	845	1088
ITEM	527	845	1088
ITEM	528	385	786
ITEM	529	692	1008
ITEM	530	829	1080
ITEM	531	220	607
ITEM	532	229	619
ITEM	533	382	783
ITEM	534	693	1009
ITEM	535	42	271
ITEM	536	884	1106
ITEM	537	972	1143
ITEM	538	505	885
ITEM	539	98	412
ITEM	540	507	887
ITEM	541	930	1126
ITEM	542	565	928
ITEM	543	896	1111
ITEM	544	854	1092
ITEM	545	643	979
ITEM	546	223	611
ITEM	547	329	732
ITEM	548	909	1117
ITEM	549	675	998
ITEM	550	759	1045
ITEM	551	172	540
ITEM	552	17	173
ITEM	553	479	865
ITEM	554	840	1086
ITEM	555	816	1074
ITEM	556	310	713
ITEM	557	250	645
ITEM	558	612	959
ITEM	559	142	493
ITEM	560	704	1015
ITEM	561	55	310
ITEM	562	927	1125
ITEM	563	947	1133
ITEM	564	254	650
ITEM	565	899	1113
ITEM	566	758	1045
ITEM	567	822	1077
ITEM	568	136	483
ITEM	569	897	1112
ITEM	570	332	735
ITEM	571	894	1110
ITEM	572	55	310
ITEM	573	184	558
ITEM	574	998	1153
ITEM	575	334	737
ITEM	576	338	741
ITEM	577	748	1039
ITEM	578	377	779
ITEM	579	40	265
ITEM	580	519	896
ITEM	581	816	1074
ITEM	582	814	1073
ITEM	583	399	799
ITEM	584	672	996
ITEM	585	964	1140
ITEM	586	672	996
ITEM	587	533	906
ITEM	588	293	694
ITEM	589	611	959
ITEM	590	492	875
ITEM	591	944	1132
ITEM	592	998	1153
ITEM	593	33	241
ITEM	594	554	921
ITEM	595	953	1136
ITEM	596	832	1082
ITEM	597	577	936
ITEM	598	875	1102
ITEM	599	845	1088
ITEM	600	457	848
ITEM	601	218	605
ITEM	602	158	519
ITEM	603	124	462
ITEM	604	5	94
ITEM	605	115	445
ITEM	606	747	1039
ITEM	607	788	1060
ITEM	608	886	1107
ITEM	609	329	732
ITEM	610	103	422
ITEM	611	30	230
ITEM	612	312	715
ITEM	613	355	758
ITEM	614	834	1083
ITEM	615	260	657
ITEM	616	847	1089
ITEM	617	618	963
ITEM	618	815	1074
ITEM	619	873	1101
ITEM	620	733	1031
ITEM	621	610	958
ITEM	622	430	825
ITEM	623	656	987
ITEM	624	294	695
ITEM	625	794	1063
ITEM	626	460	850
ITEM	627	244	638
ITEM	628	199	579
ITEM	629	961	1139
ITEM	630	656	987
ITEM	631	526	901
ITEM	632	851	1091
ITEM	633	173	542
ITEM	634	521	897
ITEM	635	426	822
ITEM	636	695	1010
ITEM	637	964	1140
ITEM	638	338	741
ITEM	639	932	1127
ITEM	640	727	1028
ITEM	641	945	1132
ITEM	642	978	1146
ITEM	643	819	1076
ITEM	644	976	1145
ITEM	645	478	865
ITEM	646	506	886
ITEM	647	936	1128
ITEM	648	250	645
ITEM	649	568	930
ITEM	650	133	478
ITEM	651	491	875
ITEM	652	920	1122
ITEM	653	628	970
ITEM	654	531	904
ITEM	655	219	606
ITEM	656	27	218
ITEM	657	287	688
ITEM	658	49	293
ITEM	659	856	1093
ITEM	660	496	878
ITEM	661	879	1104
ITEM	662	870	1100
ITEM	663	813	1073
ITEM	664	728	1028
ITEM	665	782	1057
ITEM	666	614	961
ITEM	667	469	857
ITEM	668	366	768
ITEM	669	254	650
ITEM	670	452	844
ITEM	671	969	1142
ITEM	672	499	881
ITEM	673	935	1128
ITEM	674	234	625
ITEM	675	958	1138
ITEM	676	105	426
ITEM	677	655	986
ITEM	678	678	1000
ITEM	679	140	490
ITEM	680	994	1152
ITEM	681	723	1026
ITEM	682	150	506
ITEM	683	72	354
ITEM	684	49	293
ITEM	685	328	731
ITEM	686	54	307
ITEM	687	101	418
ITEM	688	36	251
ITEM	689	241	634
ITEM	690	381	782
ITEM	691	856	1093
ITEM	692	769	1050
ITEM	693	440	834
ITEM	694	438	832
ITEM	695	183	557
ITEM	696	906	1116
ITEM	697	844	1088
ITEM	698	286	687
ITEM	699	954	1136
ITEM	700	167	533
ITEM	701	789	1061
ITEM	702	926	1124
ITEM	703	634	973
ITEM	704	245	639
ITEM	705	418	815
ITEM	706	759	1045
ITEM	707	32	237
ITEM	708	198	578
ITEM	709	635	974
ITEM	710	352	755
ITEM	711	115	445
ITEM	712	598	950
ITEM	713	774	1053
ITEM	714	43	274
ITEM	715	331	734
ITEM	716	222	610
ITEM	717	656	987
ITEM	718	417	814
ITEM	719	305	707
ITEM	720	569	931
ITEM	721	167	533
ITEM	722	174	543
ITEM	723	344	747
ITEM	724	972	1143
ITEM	725	33	241
ITEM	726	444	837
ITEM	727	644	980
ITEM	728	606	956
ITEM	729	940	1130
ITEM	730	45	281
ITEM	731	612	959
ITEM	732	152	509
ITEM	733	654	986
ITEM	734	757	1044
ITEM	735	196	575
ITEM	736	415	813
ITEM	737	297	699
ITEM	738	100	416
ITEM	739	654	986
ITEM	740	663	991
ITEM	741	446	839
ITEM	742	685	1004
ITEM	743	636	975
ITEM	744	989	1150
ITEM	745	193	571
ITEM	746	646	981
ITEM	747	17	173
ITEM	748	448	840
ITEM	749	837	1084
ITEM	750	190	567
ITEM	751	362	765
ITEM	752	277	677
ITEM	753	357	760
ITEM	754	801	1067
ITEM	755	449	841
ITEM	756	965	1140
ITEM	757	329	732
ITEM	758	121	456
ITEM	759	738	1034
ITEM	760	459	849
ITEM	761	433	828
ITEM	762	53	304
ITEM	763	206	589
ITEM	764	284	684
ITEM	765	215	601
ITEM	766	94	403
ITEM	767	452	844
ITEM	768	863	1096
ITEM	769	255	651
ITEM	770	457	848
ITEM	771	471	859
ITEM	772	813	1073
ITEM	773	403	802
ITEM	774	993	1151
ITEM	775	8	119
ITEM	776	500	881
ITEM	777	234	625
ITEM	778	450	842
ITEM	779	906	1116
ITEM	780	640	977
ITEM	781	378	780
ITEM	782	104	424
ITEM	783	337	740
ITEM	784	219	606
ITEM	785	885	1106
ITEM	786	291	692
ITEM	787	334	737
ITEM	788	513	891
ITEM	789	282	682
ITEM	790	865	1097
ITEM	791	536	908
ITEM	792	499	881
ITEM	793	467	856
ITEM	794	127	467
ITEM	795	531	904
ITEM	796	429	825
ITEM	797	120	454
ITEM	798	244	638
ITEM	799	732	1031
ITEM	800	853	1092
ITEM	801	755	1043
ITEM	802	689	1006
ITEM	803	159	520
ITEM	804	865	1097
ITEM	805	97	410
ITEM	806	747	1039
ITEM	807	69	347
ITEM	808	868	1099
ITEM	809	930	1126
ITEM	810	601	952
ITEM	811	811	1072
ITEM	812	620	965
ITEM	813	67	342
ITEM	814	44	278
ITEM	815	824	1078
ITEM	816	861	1095
ITEM	817	606	956
ITEM	818	330	733
ITEM	819	190	567
ITEM	820	289	690
ITEM	821	123	460
ITEM	822	223	611
ITEM	823	640	977
ITEM	824	168	534
ITEM	825	967	1141
ITEM	826	744	1037
ITEM	827	412	810
ITEM	828	362	765
ITEM	829	299	701
ITEM	830	670	995
ITEM	831	895	1111
ITEM	832	52	302
ITEM	833	43	274
ITEM	834	308	710
ITEM	835	427	823
ITEM	836	946	1133
ITEM	837	403	802
ITEM	838	573	934
ITEM	839	187	562
ITEM	840	238	630
ITEM	841	98	412
ITEM	842	903	1114
ITEM	843	570	932
ITEM	844	113	441
ITEM	845	975	1144
ITEM	846	49	293
ITEM	847	949	1134
ITEM	848	74	359
ITEM	849	155	514
ITEM	850	260	657
ITEM	851	242	635
ITEM	852	870	1100
ITEM	853	370	772
ITEM	854	901	1113
ITEM	855	184	558
ITEM	856	315	718
ITEM	857	639	976
ITEM	858	33	241
ITEM	859	706	1016
ITEM	860	762	1047
ITEM	861	961	1139
ITEM	862	992	1151
ITEM	863	334	737
ITEM	864	535	907
ITEM	865	145	498
ITEM	866	486	871
ITEM	867	14	157
ITEM	868	87	388
ITEM	869	476	863
ITEM	870	255	651
ITEM	871	262	659
ITEM	872	162	525
ITEM	873	334	737
ITEM	874	814	1073
ITEM	875	57	316
ITEM	876	753	1042
ITEM	877	452	844
ITEM	878	319	722
ITEM	879	370	772
ITEM	880	135	481
ITEM	881	951	1135
ITEM	882	80	373
ITEM	883	745	1038
ITEM	884	743	1037
ITEM	885	816	1074
ITEM	886	760	1046
ITEM	887	835	1083
ITEM	888	193	571
ITEM	889	971	1143
ITEM	890	783	1058
ITEM	891	300	702
ITEM	892	215	601
ITEM	893	598	950
ITEM	894	985	1148
ITEM	895	972	1143
ITEM	896	783	1058
ITEM	897	870	1100
ITEM	898	49	293
ITEM	899	691	1008
ITEM	900	226	615
ITEM	901	753	1042
ITEM	902	734	1032
ITEM	903	725	1027
ITEM	904	596	949
ITEM	905	16	168
ITEM	906	451	843
ITEM	907	176	546
ITEM	908	80	373
ITEM	909	129	471
ITEM	910	206	589
ITEM	911	276	675
ITEM	912	728	1028
ITEM	913	190	567
ITEM	914	444	837
ITEM	915	984	1148
ITEM	916	296	698
ITEM	917	541	911
ITEM	918	819	1076
ITEM	919	788	1060
ITEM	920	462	852
ITEM	921	231	622
ITEM	922	436	831
ITEM	923	114	443
ITEM	924	213	598
ITEM	925	982	1147
ITEM	926	582	940
ITEM	927	264	662
ITEM	928	682	1002
ITEM	929	807	1070
ITEM	930	479	865
ITEM	931	260	657
ITEM	932	207	590
ITEM	933	953	1136
ITEM	934	104	424
ITEM	935	537	909
ITEM	936	905	1115
ITEM	937	304	706
ITEM	938	584	941
ITEM	939	861	1095
ITEM	940	538	909
ITEM	941	921	1122
ITEM	942	221	609
ITEM	943	387	788
ITEM	944	944	1132
ITEM	945	854	1092
ITEM	946	662	991
ITEM	947	279	679
ITEM	948	829	1080
ITEM	949	902	1114
ITEM	950	251	646
ITEM	951	771	1051
ITEM	952	190	567
ITEM	953	470	858
ITEM	954	94	403
ITEM	955	99	414
ITEM	956	157	517
ITEM	957	167	533
ITEM	958	870	1100
ITEM	959	194	572
ITEM	960	526	901
ITEM	961	325	728
ITEM	962	916	1120
ITEM	963	554	921
ITEM	964	779	1056
ITEM	965	73	356
ITEM	966	618	963
ITEM	967	193	571
ITEM	968	858	1094
ITEM	969	139	488
ITEM	970	642	978
ITEM	971	77	366
ITEM	972	480	866
ITEM	973	22	197
ITEM	974	31	233
ITEM	975	953	1136
ITEM	976	278	678
ITEM	977	702	1014
ITEM	978	703	1014
ITEM	979	976	1145
ITEM	980	543	913
ITEM	981	540	911
ITEM	982	387	788
ITEM	983	43	274
ITEM	984	849	1090
ITEM	985	519	896
ITEM	986	511	890
ITEM	987	235	627
ITEM	988	349	752
ITEM	989	490	874
ITEM	990	93	401
ITEM	991	280	680
ITEM	992	14	157
ITEM	993	577	936
ITEM	994	154	513
ITEM	995	438	832
ITEM	996	600	952
ITEM	997	396	796
ITEM	998	685	1004
ITEM	999	717	1022
ITEM	1000	630	971
ITEM	1001	242	635
ITEM	1002	709	1018
ITEM	1003	824	1078
ITEM	1004	163	527
ITEM	1005	907	1116
ITEM	1006	456	847
ITEM	1007	758	1045
ITEM	1008	634	973
ITEM	1009	278	678
ITEM	1010	189	565
ITEM	1011	458	849
ITEM	1012	549	917
ITEM	1013	376	778
ITEM	1014	713	1020
ITEM	1015	395	795
ITEM	1016	318	721
ITEM	1017	990	1150
ITEM	1018	101	418
ITEM	1019	536	908
ITEM	1020	2	59
ITEM	1021	565	928
ITEM	1022	653	985
ITEM	1023	569	931
ITEM	1024	252	647
ITEM	1025	495	878
ITEM	1026	645	980
ITEM	1027	807	1070
ITEM	1028	232	623
ITEM	1029	482	868
ITEM	1030	869	1099
ITEM	1031	665	992
ITEM	1032	805	1069
ITEM	1033	117	449
ITEM	1034	526	901
ITEM	1035	128	469
ITEM	1036	753	1042
ITEM	1037	334	737
ITEM	1038	477	864
ITEM	1039	115	445
ITEM	1040	319	722
ITEM	1041	905	1115
ITEM	1042	399	799
ITEM	1043	134	479
ITEM	1044	862	1096
ITEM	1045	611	959
ITEM	1046	872	1101
ITEM	1047	148	503
ITEM	1048	884	1106
ITEM	1049	277	677
ITEM	1050	931	1126
ITEM	1051	46	284
ITEM	1052	233	624
ITEM	1053	291	692
ITEM	1054	106	428
ITEM	1055	642	978
ITEM	1056	751	1041
ITEM	1057	794	1063
ITEM	1058	496	878
ITEM	1059	589	944
ITEM	1060	144	496
ITEM	1061	175	545
ITEM	1062	891	1109
ITEM	1063	123	460
ITEM	1064	371	773
ITEM	1065	48	290
ITEM	1066	489	873
ITEM	1067	50	296
ITEM	1068	319	722
ITEM	1069	342	745
ITEM	1070	228	618
ITEM	1071	869	1099
ITEM	1072	50	296
ITEM	1073	687	1005
ITEM	1074	270	669
ITEM	1075	449	841
ITEM	1076	404	803
ITEM	1077	730	1030
ITEM	1078	664	992
ITEM	1079	154	513
ITEM	1080	236	628
ITEM	1081	556	922
ITEM	1082	727	1028
ITEM	1083	840	1086
ITEM	1084	66	339
ITEM	1085	847	1089
ITEM	1086	166	531
ITEM	1087	609	958
ITEM	1088	431	826
ITEM	1089	968	1142
ITEM	1090	472	860
ITEM	1091	742	1036
ITEM	1092	712	1020
ITEM	1093	599	951
ITEM	1094	628	970
ITEM	1095	711	1019
ITEM	1096	723	1026
ITEM	1097	101	418
ITEM	1098	651	984
ITEM	1099	681	1002
ITEM	1100	838	1085
ITEM	1101	249	644
ITEM	1102	1	42
ITEM	1103	396	796
ITEM	1104	947	1133
ITEM	1105	510	889
ITEM	1106	393	793
ITEM	1107	874	1101
ITEM	1108	5	94
ITEM	1109	498	880
ITEM	1110	43	274
ITEM	1111	798	1065
ITEM	1112	474	861
ITEM	1113	782	1057
ITEM	1114	870	1100
ITEM	1115	26	214
ITEM	1116	431	826
ITEM	1117	693	1009
ITEM	1118	701	1013
ITEM	1119	111	438
ITEM	1120	615	961
ITEM	1121	295	696
ITEM	1122	992	1151
ITEM	1123	254	650
ITEM	1124	216	602
ITEM	1125	160	522
ITEM	1126	114	443
ITEM	1127	578	937
ITEM	1128	661	990
ITEM	1129	122	458
ITEM	1130	722	1025
ITEM	1131	143	495
ITEM	1132	194	572
ITEM	1133	657	988
ITEM	1134	243	636
ITEM	1135	604	954
ITEM	1136	539	910
ITEM	1137	43	274
ITEM	1138	17	173
ITEM	1139	917	1120
ITEM	1140	398	798
ITEM	1141	960	1138
ITEM	1142	121	456
ITEM	1143	996	1153
ITEM	1144	102	420
ITEM	1145	693	1009
ITEM	1146	398	798
ITEM	1147	741	1036
ITEM	1148	163	527
ITEM	1149	571	932
ITEM	1150	738	1034
ITEM	1151	322	725
ITEM	1152	35	248
ITEM	1153	833	1082
ITEM	1154	134	479
ITEM	1155	148	503
ITEM	1156	846	1088
ITEM	1157	544	914
ITEM	1158	539	910
ITEM	1159	405	804
ITEM	1160	393	793
ITEM	1161	740	1035
ITEM	1162	67	342
ITEM	1163	590	945
ITEM	1164	176	546
ITEM	1165	447	840
ITEM	1166	557	923
ITEM	1167	932	1127
ITEM	1168	758	1045
ITEM	1169	732	1031
ITEM	1170	47	287
ITEM	1171	112	439
ITEM	1172	225	614
ITEM	1173	445	838
ITEM	1174	166	531
ITEM	1175	193	571
ITEM	1176	29	226
ITEM	1177	808	1070
ITEM	1178	3	73
ITEM	1179	154	513
ITEM	1180	5	94
ITEM	1181	502	883
ITEM	1182	458	849
ITEM	1183	946	1133
ITEM	1184	827	1079
ITEM	1185	419	816
ITEM	1186	629	970
ITEM	1187	475	862
ITEM	1188	694	1009
ITEM	1189	719	1023
ITEM	1190	248	643
ITEM	1191	405	804
ITEM	1192	532	905
ITEM	1193	364	766
ITEM	1194	707	1017
ITEM	1195	207	590
ITEM	1196	479	865
ITEM	1197	783	1058
ITEM	1198	705	1016
ITEM	1199	349	752
ITEM	1200	946	1133
ITEM	1201	808	1070
ITEM	1202	43	274
ITEM	1203	28	222
ITEM	1204	32	237
ITEM	1205	560	925
ITEM	1206	602	953
ITEM	1207	368	770
ITEM	1208	573	934
ITEM	1209	427	823
ITEM	1210	35	248
ITEM	1211	466	855
ITEM	1212	606	956
ITEM	1213	792	1062
ITEM	1214	199	579
ITEM	1215	219	606
ITEM	1216	534	906
ITEM	1217	676	999
ITEM	1218	867	1098
ITEM	1219	318	721
ITEM	1220	761	1046
ITEM	1221	934	1128
ITEM	1222	744	1037
ITEM	1223	319	722
ITEM	1224	98	412
ITEM	1225	186	561
ITEM	1226	321	724
ITEM	1227	209	593
ITEM	1228	705	1016
ITEM	1229	110	436
ITEM	1230	601	952
ITEM	1231	357	760
ITEM	1232	847	1089
ITEM	1233	283	683
ITEM	1234	222	610
ITEM	1235	264	662
ITEM	1236	272	671
ITEM	1237	196	575
ITEM	1238	9	126
ITEM	1239	29	226
ITEM	1240	456	847
ITEM	1241	631	972
ITEM	1242	502	883
ITEM	1243	908	1117
ITEM	1244	521	897
ITEM	1245	25	210
ITEM	1246	456	847
ITEM	1247	907	1116
ITEM	1248	106	428
ITEM	1249	3	73
ITEM	1250	893	1110
ITEM	1251	791	1062
ITEM	1252	953	1136
ITEM	1253	721	1025
ITEM	1254	684	1004
ITEM	1255	424	820
ITEM	1256	518	895
ITEM	1257	176	546
ITEM	1258	243	636
ITEM	1259	845	1088
ITEM	1260	362	765
ITEM	1261	154	513
ITEM	1262	319	722
ITEM	1263	987	1149
ITEM	1264	616	962
ITEM	1265	947	1133
ITEM	1266	457	848
ITEM	1267	450	842
ITEM	1268	307	709
ITEM	1269	524	899
ITEM	1270	125	463
ITEM	1271	217	604
ITEM	1272	808	1070
ITEM	1273	283	683
ITEM	1274	64	334
ITEM	1275	743	1037
ITEM	1276	211	596
ITEM	1277	68	344
ITEM	1278	880	1104
ITEM	1279	309	711
ITEM	1280	898	1112
ITEM	1281	585	942
ITEM	1282	408	807
ITEM	1283	42	271
ITEM	1284	83	380
ITEM	1285	890	1109
ITEM	1286	885	1106
ITEM	1287	525	900
ITEM	1288	623	966
ITEM	1289	88	391
ITEM	1290	463	853
ITEM	1291	391	791
ITEM	1292	864	1097
ITEM	1293	920	1122
ITEM	1294	88	391
ITEM	1295	805	1069
ITEM	1296	810	1071
ITEM	1297	375	777
ITEM	1298	278	678
ITEM	1299	246	640
ITEM	1300	401	800
ITEM	1301	996	1153
ITEM	1302	841	1086
ITEM	1303	503	884
ITEM	1304	164	528
ITEM	1305	26	214
ITEM	1306	41	268
ITEM	1307	266	664
ITEM	1308	44	278
ITEM	1309	68	344
ITEM	1310	277	677
ITEM	1311	254	650
ITEM	1312	673	997
ITEM	1313	386	787
ITEM	1314	769	1050
ITEM	1315	245	639
ITEM	1316	871	1100
ITEM	1317	535	907
ITEM	1318	316	719
ITEM	1319	960	1138
ITEM	1320	653	985
ITEM	1321	457	848
ITEM	1322	628	970
ITEM	1323	160	522
ITEM	1324	532	905
ITEM	1325	699	1012
ITEM	1326	292	693
ITEM	1327	904	1115
ITEM	1328	396	796
ITEM	1329	922	1123
ITEM	1330	872	1101
ITEM	1331	347	750
ITEM	1332	726	1027
ITEM	1333	345	748
ITEM	1334	206	589
ITEM	1335	990	1150
ITEM	1336	465	854
ITEM	1337	287	688
ITEM	1338	408	807
ITEM	1339	803	1068
ITEM	1340	293	694
ITEM	1341	455	846
ITEM	1342	610	958
ITEM	1343	102	420
ITEM	1344	599	951
ITEM	1345	150	506
ITEM	1346	992	1151
ITEM	1347	611	959
ITEM	1348	941	1131
ITEM	1349	30	230
ITEM	1350	105	426
ITEM	1351	596	949
ITEM	1352	251	646
ITEM	1353	598	950
ITEM	1354	42	271
ITEM	1355	490	874
ITEM	1356	594	948
ITEM	1357	58	318
ITEM	1358	472	860
ITEM	1359	912	1118
ITEM	1360	743	1037
ITEM	1361	723	1026
ITEM	1362	79	371
ITEM	1363	474	861
ITEM	1364	361	764
ITEM	1365	588	944
ITEM	1366	427	823
ITEM	1367	312	715
ITEM	1368	60	324
ITEM	1369	270	669
ITEM	1370	795	1064
ITEM	1371	708	1017
ITEM	1372	137	484
ITEM	1373	938	1129
ITEM	1374	0	0
ITEM	1375	745	1038
ITEM	1376	250	645
ITEM	1377	404	803
ITEM	1378	746	1038
ITEM	1379	377	779
ITEM	1380	825	1078
ITEM	1381	31	233
ITEM	1382	535	907
ITEM	1383	833	1082
ITEM	1384	469	857
ITEM	1385	607	956
ITEM	1386	662	991
ITEM	1387	756	1044
ITEM	1388	181	554
ITEM	1389	850	1090
ITEM	1390	326	729
ITEM	1391	985	1148
ITEM	1392	631	972
ITEM	1393	695	1010
ITEM	1394	398	798
ITEM	1395	385	786
ITEM	1396	290	691
ITEM	1397	19	183
ITEM	1398	865	1097
ITEM	1399	635	974
ITEM	1400	703	1014
ITEM	1401	963	1140
ITEM	1402	491	875
ITEM	1403	372	774
ITEM	1404	664	992
ITEM	1405	509	888
ITEM	1406	720	1024
ITEM	1407	607	956
ITEM	1408	608	957
ITEM	1409	457	848
ITEM	1410	357	760
ITEM	1411	816	1074
ITEM	1412	960	1138
ITEM	1413	475	862
ITEM	1414	47	287
ITEM	1415	602	953
ITEM	1416	764	1048
ITEM	1417	364	766
ITEM	1418	106	428
ITEM	1419	359	762
ITEM	1420	333	736
ITEM	1421	207	590
ITEM	1422	709	1018
ITEM	1423	812	1072
ITEM	1424	242	635
ITEM	1425	538	909
ITEM	1426	984	1148
ITEM	1427	864	1097
ITEM	1428	405	804
ITEM	1429	216	602
ITEM	1430	37	255
ITEM	1431	654	986
ITEM	1432	553	920
ITEM	1433	136	483
ITEM	1434	438	832
ITEM	1435	212	597
ITEM	1436	866	1098
ITEM	1437	441	835
ITEM	1438	204	586
ITEM	1439	642	978
ITEM	1440	58	318
ITEM	1441	397	797
ITEM	1442	808	1070
ITEM	1443	228	618
ITEM	1444	691	1008
ITEM	1445	578	937
ITEM	1446	235	627
ITEM	1447	366	768
ITEM	1448	999	1154
ITEM	1449	528	902
ITEM	1450	644	980
ITEM	1451	736	1033
ITEM	1452	996	1153
ITEM	1453	541	911
ITEM	1454	629	970
ITEM	1455	613	960
ITEM	1456	167	533
ITEM	1457	730	1030
ITEM	1458	647	981
ITEM	1459	731	1030
ITEM	1460	503	884
ITEM	1461	39	262
ITEM	1462	617	963
ITEM	1463	599	951
ITEM	1464	179	551
ITEM	1465	338	741
ITEM	1466	236	628
ITEM	1467	679	1001
ITEM	1468	641	978
ITEM	1469	288	689
ITEM	1470	40	265
ITEM	1471	335	738
ITEM	1472	394	794
ITEM	1473	94	403
ITEM	1474	738	1034
ITEM	1475	948	1133
ITEM	1476	268	666
ITEM	1477	842	1087
ITEM	1478	853	1092
ITEM	1479	118	451
ITEM	1480	445	838
ITEM	1481	539	910
ITEM	1482	204	586
ITEM	1483	352	755
ITEM	1484	22	197
ITEM	1485	547	916
ITEM	1486	254	650
ITEM	1487	140	490
ITEM	1488	401	800
ITEM	1489	533	906
ITEM	1490	855	1093
ITEM	1491	833	1082
ITEM	1492	286	687
ITEM	1493	626	968
ITEM	1494	436	831
ITEM	1495	227	616
ITEM	1496	552	919
ITEM	1497	901	1113
ITEM	1498	142	493
ITEM	1499	256	652
ITEM	1500	794	1063
ITEM	1501	885	1106
ITEM	1502	971	1143
ITEM	1503	704	1015
ITEM	1504	815	1074
ITEM	1505	201	582
ITEM	1506	442	836
ITEM	1507	339	742
ITEM	1508	848	1089
ITEM	1509	45	281
ITEM	1510	808	1070
ITEM	1511	383	784
ITEM	1512	778	1055
ITEM	1513	620	965
ITEM	1514	372	774
ITEM	1515	705	1016
ITEM	1516	168	534
ITEM	1517	201	582
ITEM	1518	905	1115
ITEM	1519	674	998
ITEM	1520	349	752
ITEM	1521	990	1150
ITEM	1522	731	1030
ITEM	1523	50	296
ITEM	1524	365	767
ITEM	1525	399	799
ITEM	1526	481	867
ITEM	1527	829	1080
ITEM	1528	52	302
ITEM	1529	937	1129
ITEM	1530	68	344
ITEM	1531	454	845
ITEM	1532	36	251
ITEM	1533	348	751
ITEM	1534	899	1113
ITEM	1535	295	696
ITEM	1536	928	1125
ITEM	1537	150	506
ITEM	1538	872	1101
ITEM	1539	798	1065
ITEM	1540	492	875
ITEM	1541	251	646
ITEM	1542	166	531
ITEM	1543	215	601
ITEM	1544	79	371
ITEM	1545	772	1052
ITEM	1546	386	787
ITEM	1547	322	725
ITEM	1548	99	414
ITEM	1549	760	1046
ITEM	1550	61	326
ITEM	1551	31	233
ITEM	1552	818	1075
ITEM	1553	922	1123
ITEM	1554	54	307
ITEM	1555	295	696
ITEM	1556	255	651
ITEM	1557	60	324
ITEM	1558	894	1110
ITEM	1559	226	615
ITEM	1560	464	853
ITEM	1561	340	743
ITEM	1562	583	940
ITEM	1563	818	1075
ITEM	1564	986	1149
ITEM	1565	75	361
ITEM	1566	881	1105
ITEM	1567	190	567
ITEM	1568	745	1038
ITEM	1569	156	516
ITEM	1570	634	973
ITEM	1571	752	1041
ITEM	1572	171	539
ITEM	1573	801	1067
ITEM	1574	147	501
ITEM	1575	203	585
ITEM	1576	837	1084
ITEM	1577	782	1057
ITEM	1578	144	496
ITEM	1579	765	1048
ITEM	1580	385	786
ITEM	1581	763	1047
ITEM	1582	358	761
ITEM	1583	554	921
ITEM	1584	23	201
ITEM	1585	936	1128
ITEM	1586	260	657
ITEM	1587	509	888
ITEM	1588	378	780
ITEM	1589	593	947
ITEM	1590	975	1144
ITEM	1591	772	1052
ITEM	1592	979	1146
ITEM	1593	785	1059
ITEM	1594	910	1117
ITEM	1595	924	1123
ITEM	1596	166	531
ITEM	1597	746	1038
ITEM	1598	129	471
ITEM	1599	998	1153
ITEM	1600	682	1002
ITEM	1601	212	597
ITEM	1602	994	1152
ITEM	1603	658	988
ITEM	1604	758	1045
ITEM	1605	321	724
ITEM	1606	128	469
ITEM	1607	465	854
ITEM	1608	947	1133
ITEM	1609	214	600
ITEM	1610	199	579
ITEM	1611	623	966
ITEM	1612	504	884
ITEM	1613	28	222
ITEM	1614	587	943
ITEM	1615	119	453
ITEM	1616	587	943
ITEM	1617	418	815
ITEM	1618	442	836
ITEM	1619	667	994
ITEM	1620	63	332
ITEM	1621	263	660
ITEM	1622	178	549
ITEM	1623	350	753
ITEM	1624	197	577
ITEM	1625	729	1029
ITEM	1626	933	1127
ITEM	1627	378	780
ITEM	1628	7	111
ITEM	1629	319	722
ITEM	1630	13	151
ITEM	1631	861	1095
ITEM	1632	566	929
ITEM	1633	98	412
ITEM	1634	872	1101
ITEM	1635	7	111
ITEM	1636	37	255
ITEM	1637	716	1022
ITEM	1638	644	980
ITEM	1639	651	984
ITEM	1640	711	1019
ITEM	1641	415	813
ITEM	1642	761	1046
ITEM	1643	520	896
ITEM	1644	838	1085
ITEM	1645	658	988
ITEM	1646	695	1010
ITEM	1647	135	481
ITEM	1648	536	908
ITEM	1649	534	906
ITEM	1650	346	749
ITEM	1651	774	1053
ITEM	1652	545	914
ITEM	1653	616	962
ITEM	1654	116	447
ITEM	1655	376	778
ITEM	1656	120	454
ITEM	1657	408	807
ITEM	1658	187	562
ITEM	1659	818	1075
ITEM	1660	844	1088
ITEM	1661	37	255
ITEM	1662	58	318
ITEM	1663	452	844
ITEM	1664	626	968
ITEM	1665	369	771
ITEM	1666	843	1087
ITEM	1667	318	721
ITEM	1668	694	1009
ITEM	1669	172	540
ITEM	1670	382	783
ITEM	1671	941	1131
ITEM	1672	834	1083
ITEM	1673	514	892
ITEM	1674	694	1009
ITEM	1675	108	432
ITEM	1676	677	999
ITEM	1677	33	241
ITEM	1678	786	1059
ITEM	1679	540	911
ITEM	1680	304	706
ITEM	1681	232	623
ITEM	1682	379	780
ITEM	1683	866	1098
ITEM	1684	964	1140
ITEM	1685	480	866
ITEM	1686	555	921
ITEM	1687	796	1064
ITEM	1688	160	522
ITEM	1689	842	1087
ITEM	1690	867	1098
ITEM	1691	914	1119
ITEM	1692	920	1122
ITEM	1693	423	820
ITEM	1694	947	1133
ITEM	1695	975	1144
ITEM	1696	500	881
ITEM	1697	365	767
ITEM	1698	140	490
ITEM	1699	145	498
ITEM	1700	324	727
ITEM	1701	157	517
ITEM	1702	191	568
ITEM	1703	48	290
ITEM	1704	432	827
ITEM	1705	421	818
ITEM	1706	520	896
ITEM	1707	73	356
ITEM	1708	215	601
ITEM	1709	817	1075
ITEM	1710	120	454
ITEM	1711	804	1068
ITEM	1712	732	1031
ITEM	1713	244	638
ITEM	1714	601	952
ITEM	1715	10	133
ITEM	1716	367	769
ITEM	1717	962	1139
ITEM	1718	421	818
ITEM	1719	88	391
ITEM	1720	133	478
ITEM	1721	830	1081
ITEM	1722	821	1077
ITEM	1723	365	767
ITEM	1724	384	785
ITEM	1725	280	680
ITEM	1726	517	894
ITEM	1727	167	533
ITEM	1728	231	622
ITEM	1729	207	590
ITEM	1730	653	985
ITEM	1731	69	347
ITEM	1732	427	823
ITEM	1733	422	819
ITEM	1734	71	352
ITEM	1735	215	601
ITEM	1736	23	201
ITEM	1737	825	1078
ITEM	1738	417	814
ITEM	1739	131	474
ITEM	1740	556	922
ITEM	1741	956	1137
ITEM	1742	113	441
ITEM	1743	928	1125
ITEM	1744	66	339
ITEM	1745	79	371
ITEM	1746	729	1029
ITEM	1747	306	708
ITEM	1748	708	1017
ITEM	1749	454	845
ITEM	1750	793	1063
ITEM	1751	261	658
ITEM	1752	261	658
ITEM	1753	955	1136
ITEM	1754	558	923
ITEM	1755	903	1114
ITEM	1756	291	692
ITEM	1757	694	1009
ITEM	1758	764	1048
ITEM	1759	294	695
ITEM	1760	268	666
ITEM	1761	796	1064
ITEM	1762	926	1124
ITEM	1763	707	1017
ITEM	1764	409	807
ITEM	1765	995	1152
ITEM	1766	182	555
ITEM	1767	217	604
ITEM	1768	534	906
ITEM	1769	198	578
ITEM	1770	221	609
ITEM	1771	29	226
ITEM	1772	707	1017
ITEM	1773	674	998
ITEM	1774	337	740
ITEM	1775	445	838
ITEM	1776	958	1138
ITEM	1777	30	230
ITEM	1778	135	481
ITEM	1779	884	1106
ITEM	1780	847	1089
ITEM	1781	625	968
ITEM	1782	908	1117
ITEM	1783	856	1093
ITEM	1784	175	545
ITEM	1785	578	937
ITEM	1786	238	630
ITEM	1787	293	694
ITEM	1788	602	953
ITEM	1789	31	233
ITEM	1790	837	1084
ITEM	1791	154	513
ITEM	1792	467	856
ITEM	1793	815	1074
ITEM	1794	161	524
ITEM	1795	703	1014
ITEM	1796	583	940
ITEM	1797	190	567
ITEM	1798	837	1084
ITEM	1799	359	762
ITEM	1800	296	698
ITEM	1801	794	1063
ITEM	1802	420	817
ITEM	1803	545	914
ITEM	1804	582	940
ITEM	1805	479	865
ITEM	1806	523	899
ITEM	1807	418	815
ITEM	1808	467	856
ITEM	1809	171	539
ITEM	1810	851	1091
ITEM	1811	905	1115
ITEM	1812	549	917
ITEM	1813	429	825
ITEM	1814	159	520
ITEM	1815	943	1131
ITEM	1816	909	1117
ITEM	1817	844	1088
ITEM	1818	680	1001
ITEM	1819	326	729
ITEM	1820	184	558
ITEM	1821	938	1129
ITEM	1822	43	274
ITEM	1823	77	366
ITEM	1824	90	395
ITEM	1825	728	1028
ITEM	1826	216	602
ITEM	1827	734	1032
ITEM	1828	168	534
ITEM	1829	599	951
ITEM	1830	509	888
ITEM	1831	479	865
ITEM	1832	49	293
ITEM	1833	648	982
ITEM	1834	162	525
ITEM	1835	490	874
ITEM	1836	2	59
ITEM	1837	159	520
ITEM	1838	554	921
ITEM	1839	442	836
ITEM	1840	58	318
ITEM	1841	355	758
ITEM	1842	560	925
ITEM	1843	562	926
ITEM	1844	486	871
ITEM	1845	99	414
ITEM	1846	95	406
ITEM	1847	126	465
ITEM	1848	905	1115
ITEM	1849	677	999
ITEM	1850	360	763
ITEM	1851	830	1081
ITEM	1852	812	1072
ITEM	1853	345	748
ITEM	1854	846	1088
ITEM	1855	922	1123
ITEM	1856	805	1069
ITEM	1857	781	1057
ITEM	1858	604	954
ITEM	1859	510	889
ITEM	1860	290	691
ITEM	1861	96	408
ITEM	1862	823	1077
ITEM	1863	946	1133
ITEM	1864	938	1129
ITEM	1865	574	934
ITEM	1866	249	644
ITEM	1867	704	1015
ITEM	1868	694	1009
ITEM	1869	783	1058
ITEM	1870	471	859
ITEM	1871	644	980
ITEM	1872	603	954
ITEM	1873	220	607
ITEM	1874	607	956
ITEM	1875	78	368
ITEM	1876	237	629
ITEM	1877	150	506
ITEM	1878	421	818
ITEM	1879	538	909
ITEM	1880	11	139
ITEM	1881	783	1058
ITEM	1882	408	807
ITEM	1883	660	989
ITEM	1884	164	528
ITEM	1885	462	852
ITEM	1886	865	1097
ITEM	1887	83	380
ITEM	1888	687	1005
ITEM	1889	0	0
ITEM	1890	496	878
ITEM	1891	768	1050
ITEM	1892	979	1146
ITEM	1893	837	1084
ITEM	1894	564	928
ITEM	1895	658	988
ITEM	1896	512	890
ITEM	1897	171	539
ITEM	1898	142	493
ITEM	1899	60	324
ITEM	1900	291	692
ITEM	1901	703	1014
ITEM	1902	473	861
ITEM	1903	681	1002
ITEM	1904	379	780
ITEM	1905	183	557
ITEM	1906	988	1150
ITEM	1907	709	1018
ITEM	1908	286	687
ITEM	1909	378	780
ITEM	1910	999	1154
ITEM	1911	845	1088
ITEM	1912	480	866
ITEM	1913	651	984
ITEM	1914	611	959
ITEM	1915	705	1016
ITEM	1916	827	1079
ITEM	1917	781	1057
ITEM	1918	876	1102
ITEM	1919	481	867
ITEM	1920	216	602
ITEM	1921	193	571
ITEM	1922	717	1022
ITEM	1923	281	681
ITEM	1924	173	542
ITEM	1925	259	656
ITEM	1926	671	996
ITEM	1927	47	287
ITEM	1928	730	1030
ITEM	1929	815	1074
ITEM	1930	955	1136
ITEM	1931	461	851
ITEM	1932	331	734
ITEM	1933	551	919
ITEM	1934	913	1119
ITEM	1935	742	1036
ITEM	1936	71	352
ITEM	1937	441	835
ITEM	1938	358	761
ITEM	1939	741	1036
ITEM	1940	25	210
ITEM	1941	861	1095
ITEM	1942	847	1089
ITEM	1943	244	638
ITEM	1944	975	1144
ITEM	1945	549	917
ITEM	1946	414	812
ITEM	1947	884	1106
ITEM	1948	294	695
ITEM	1949	73	356
ITEM	1950	810	1071
ITEM	1951	572	933
ITEM	1952	279	679
ITEM	1953	949	1134
ITEM	1954	752	1041
ITEM	1955	849	1090
ITEM	1956	718	1023
ITEM	1957	80	373
ITEM	1958	240	633
ITEM	1959	75	361
ITEM	1960	955	1136
ITEM	1961	667	994
ITEM	1962	460	850
ITEM	1963	843	1087
ITEM	1964	261	658
ITEM	1965	239	632
ITEM	1966	301	703
ITEM	1967	547	916
ITEM	1968	767	1049
ITEM	1969	974	1144
ITEM	1970	29	226
ITEM	1971	492	875
ITEM	1972	750	1040
ITEM	1973	957	1137
ITEM	1974	138	486
ITEM	1975	462	852
ITEM	1976	560	925
ITEM	1977	528	902
ITEM	1978	916	1120
ITEM	1979	147	501
ITEM	1980	963	1140
ITEM	1981	394	794
ITEM	1982	756	1044
ITEM	1983	340	743
ITEM	1984	170	537
ITEM	1985	638	976
ITEM	1986	738	1034
ITEM	1987	307	709
ITEM	1988	362	765
ITEM	1989	298	700
ITEM	1990	524	899
ITEM	1991	235	627
ITEM	1992	957	1137
ITEM	1993	667	994
ITEM	1994	85	384
ITEM	1995	170	537
ITEM	1996	433	828
ITEM	1997	963	1140
ITEM	1998	303	705
ITEM	1999	346	749
ITEM	2000	965	1140
CAPACITY	694353
