ITEM	1	474	861
ITEM	2	198	578
ITEM	3	572	933
ITEM	4	996	1153
ITEM	5	38	258
ITEM	6	616	962
ITEM	7	321	724
ITEM	8	717	1022
ITEM	9	3	73
ITEM	10	212	597
ITEM	11	432	827
ITEM	12	584	941
ITEM	13	131	474
ITEM	14	676	999
ITEM	15	393	793
ITEM	16	937	1129
ITEM	17	466	855
ITEM	18	178	549
ITEM	19	301	703
ITEM	20	180	552
ITEM	21	215	601
ITEM	22	339	742
ITEM	23	52	302
ITEM	24	829	1080
ITEM	25	727	1028
ITEM	26	931	1126
ITEM	27	394	794
ITEM	28	976	1145
ITEM	29	221	609
ITEM	30	302	704
ITEM	31	746	1038
ITEM	32	451	843
ITEM	33	428	824
ITEM	34	92	399
ITEM	35	196	575
ITEM	36	466	855
ITEM	37	791	1062
ITEM	38	248	643
ITEM	39	577	936
ITEM	40	12	145
ITEM	41	389	790
ITEM	42	881	1105
ITEM	43	21	192
ITEM	44	799	1066
ITEM	45	238	630
ITEM	46	983	1148
ITEM	47	921	1122
ITEM	48	28	222
ITEM	49	123	460
ITEM	50	559	924
ITEM	51	678	1000
ITEM	52	747	1039
ITEM	53	623	966
ITEM	54	180	552
ITEM	55	164	528
ITEM	56	112	439
ITEM	57	480	866
ITEM	58	499	881
ITEM	59	282	682
ITEM	60	303	705
ITEM	61	968	1142
ITEM	62	766	1049
ITEM	63	564	928
ITEM	64	384	785
ITEM	65	423	820
ITEM	66	867	1098
ITEM	67	171	539
ITEM	68	907	1116
ITEM	69	584	941
ITEM	70	919	1121
ITEM	71	241	634
ITEM	72	503	884
ITEM	73	913	1119
ITEM	74	951	1135
ITEM	75	962	1139
ITEM	76	290	691
ITEM	77	530	904
ITEM	78	705	1016
ITEM	79	290	691
ITEM	80	329	732
ITEM	81	938	1129
ITEM	82	91	397
ITEM	83	724	1026
ITEM	84	951	1135
ITEM	85	192	570
ITEM	86	322	725
ITEM	87	20	188
ITEM	88	208	592
ITEM	89	651	984
ITEM	90	256	652
ITEM	91	282	682
ITEM	92	248	643
ITEM	93	994	1152
ITEM	94	990	1150
ITEM	95	314	717
ITEM	96	882	1105
ITEM	97	640	977
ITEM	98	226	615
ITEM	99	640	977
ITEM	100	129	471
ITEM	101	229	619
ITEM	102	444	837
ITEM	103	120	454
ITEM	104	24	205
ITEM	105	328	731
ITEM	106	413	811
ITEM	107	533	906
ITEM	108	470	858
ITEM	109	14	157
ITEM	110	70	349
ITEM	111	66	339
ITEM	112	400	800
ITEM	113	486	871
ITEM	114	303	705
ITEM	115	99	414
ITEM	116	58	318
ITEM	117	373	775
ITEM	118	659	989
ITEM	119	194	572
ITEM	120	651	984
ITEM	121	881	1105
ITEM	122	522	898
ITEM	123	689	1006
ITEM	124	180	552
ITEM	125	446	839
ITEM	126	781	1057
ITEM	127	825	1078
ITEM	128	706	1016
ITEM	129	45	281
ITEM	130	525	900
ITEM	131	782	1057
ITEM	132	851	1091
ITEM	133	818	1075
ITEM	134	793	1063
ITEM	135	551	919
ITEM	136	813	1073
ITEM	137	168	534
ITEM	138	914	1119
ITEM	139	44	278
ITEM	140	660	989
ITEM	141	979	1146
ITEM	142	465	854
ITEM	143	342	745
ITEM	144	206	589
ITEM	145	121	456
ITEM	146	381	782
ITEM	147	497	879
ITEM	148	240	633
ITEM	149	901	1113
ITEM	150	239	632
ITEM	151	787	1060
ITEM	152	384	785
ITEM	153	597	950
ITEM	154	271	670
ITEM	155	827	1079
ITEM	156	372	774
ITEM	157	753	1042
ITEM	158	102	420
ITEM	159	459	849
ITEM	160	24	205
ITEM	161	382	783
ITEM	162	778	1055
ITEM	163	805	1069
ITEM	164	700	1013
ITEM	165	727	1028
ITEM	166	93	401
ITEM	167	403	802
ITEM	168	515	893
ITEM	169	749	1040
ITEM	170	757	1044
ITEM	171	836	1084
ITEM	172	86	386
ITEM	173	993	1151
ITEM	174	431	826
ITEM	175	744	1037
ITEM	176	118	451
ITEM	177	980	1146
ITEM	178	166	531
ITEM	179	641	978
ITEM	180	576	936
ITEM	181	791	1062
ITEM	182	269	667
ITEM	183	434	829
ITEM	184	754	1042
ITEM	185	5	94
ITEM	186	135	481
ITEM	187	54	307
ITEM	188	3	73
ITEM	189	626	968
ITEM	190	73	356
ITEM	191	108	432
ITEM	192	411	809
ITEM	193	178	549
ITEM	194	657	988
ITEM	195	947	1133
ITEM	196	207	590
ITEM	197	609	958
ITEM	198	629	970
ITEM	199	74	359
ITEM	200	179	551
ITEM	201	168	534
ITEM	202	900	1113
ITEM	203	282	682
ITEM	204	882	1105
ITEM	205	909	1117
ITEM	206	664	992
ITEM	207	431	826
ITEM	208	913	1119
ITEM	209	978	1146
ITEM	210	156	516
ITEM	211	287	688
ITEM	212	51	299
ITEM	213	338	741
ITEM	214	108	432
ITEM	215	300	702
ITEM	216	516	893
ITEM	217	92	399
ITEM	218	400	800
ITEM	219	757	1044
ITEM	220	161	524
ITEM	221	56	313
ITEM	222	970	1142
ITEM	223	193	571
ITEM	224	848	1089
ITEM	225	741	1036
ITEM	226	486	871
ITEM	227	480	866
ITEM	228	809	1071
ITEM	229	403	802
ITEM	230	839	1085
ITEM	231	497	879
ITEM	232	265	663
ITEM	233	303	705
ITEM	234	961	1139
ITEM	235	785	1059
ITEM	236	87	388
ITEM	237	858	1094
ITEM	238	19	183
ITEM	239	91	397
ITEM	240	776	1054
ITEM	241	816	1074
ITEM	242	508	887
ITEM	243	221	609
ITEM	244	554	921
ITEM	245	120	454
ITEM	246	276	675
ITEM	247	82	377
ITEM	248	829	1080
ITEM	249	627	969
ITEM	250	11	139
ITEM	251	356	759
ITEM	252	837	1084
ITEM	253	315	718
ITEM	254	223	611
ITEM	255	670	995
ITEM	256	722	1025
ITEM	257	160	522
ITEM	258	249	644
ITEM	259	706	1016
ITEM	260	851	1091
ITEM	261	325	728
ITEM	262	320	723
ITEM	263	133	478
ITEM	264	635	974
ITEM	265	813	1073
ITEM	266	210	594
ITEM	267	779	1056
ITEM	268	646	981
ITEM	269	253	649
ITEM	270	505	885
ITEM	271	944	1132
ITEM	272	296	698
ITEM	273	972	1143
ITEM	274	30	230
ITEM	275	259	656
ITEM	276	883	1106
ITEM	277	996	1153
ITEM	278	446	839
ITEM	279	8	119
ITEM	280	261	658
ITEM	281	160	522
ITEM	282	567	930
ITEM	283	301	703
ITEM	284	930	1126
ITEM	285	957	1137
ITEM	286	422	819
ITEM	287	24	205
ITEM	288	825	1078
ITEM	289	306	708
ITEM	290	585	942
ITEM	291	957	1137
ITEM	292	582	940
ITEM	293	877	1103
ITEM	294	824	1078
ITEM	295	975	1144
ITEM	296	560	925
ITEM	297	139	488
ITEM	298	574	934
ITEM	299	732	1031
ITEM	300	411	809
ITEM	301	789	1061
ITEM	302	290	691
ITEM	303	741	1036
ITEM	304	470	858
ITEM	305	707	1017
ITEM	306	191	568
ITEM	307	253	649
ITEM	308	743	1037
ITEM	309	105	426
ITEM	310	449	841
ITEM	311	836	1084
ITEM	312	784	1058
ITEM	313	22	197
ITEM	314	325	728
ITEM	315	73	356
ITEM	316	245	639
ITEM	317	818	1075
ITEM	318	310	713
ITEM	319	272	671
ITEM	320	358	761
ITEM	321	830	1081
ITEM	322	789	1061
ITEM	323	600	952
ITEM	324	159	520
ITEM	325	837	1084
ITEM	326	260	657
ITEM	327	549	917
ITEM	328	714	1021
ITEM	329	503	884
ITEM	330	640	977
ITEM	331	140	490
ITEM	332	141	491
ITEM	333	442	836
ITEM	334	694	1009
ITEM	335	765	1048
ITEM	336	701	1013
ITEM	337	65	337
ITEM	338	113	441
ITEM	339	80	373
ITEM	340	741	1036
ITEM	341	869	1099
ITEM	342	271	670
ITEM	343	857	1094
ITEM	344	778	1055
ITEM	345	326	729
ITEM	346	196	575
ITEM	347	186	561
ITEM	348	493	876
ITEM	349	15	162
ITEM	350	788	1060
ITEM	351	962	1139
ITEM	352	926	1124
ITEM	353	164	528
ITEM	354	813	1073
ITEM	355	28	222
ITEM	356	645	980
ITEM	357	268	666
ITEM	358	692	1008
ITEM	359	910	1117
ITEM	360	181	554
ITEM	361	909	1117
ITEM	362	646	981
ITEM	363	532	905
ITEM	364	500	881
ITEM	365	469	857
ITEM	366	198	578
ITEM	367	829	1080
ITEM	368	797	1065
ITEM	369	867	1098
ITEM	370	577	936
ITEM	371	654	986
ITEM	372	394	794
ITEM	373	990	1150
ITEM	374	55	310
ITEM	375	892	1110
ITEM	376	28	222
ITEM	377	967	1141
ITEM	378	749	1040
ITEM	379	184	558
ITEM	380	292	693
ITEM	381	944	1132
ITEM	382	914	1119
ITEM	383	174	543
ITEM	384	541	911
ITEM	385	524	899
ITEM	386	263	660
ITEM	387	670	995
ITEM	388	8	119
ITEM	389	512	890
ITEM	390	340	743
ITEM	391	645	980
ITEM	392	449	841
ITEM	393	140	490
ITEM	394	490	874
ITEM	395	467	856
ITEM	396	58	318
ITEM	397	408	807
ITEM	398	436	831
ITEM	399	278	678
ITEM	400	973	1144
ITEM	401	720	1024
ITEM	402	17	173
ITEM	403	916	1120
ITEM	404	125	463
ITEM	405	452	844
ITEM	406	100	416
ITEM	407	294	695
ITEM	408	725	1027
ITEM	409	617	963
ITEM	410	209	593
ITEM	411	642	978
ITEM	412	165	530
ITEM	413	285	685
ITEM	414	900	1113
ITEM	415	518	895
ITEM	416	621	965
ITEM	417	904	1115
ITEM	418	404	803
ITEM	419	983	1148
ITEM	420	125	463
ITEM	421	195	574
ITEM	422	583	940
ITEM	423	872	1101
ITEM	424	412	810
ITEM	425	762	1047
ITEM	426	725	1027
ITEM	427	537	909
ITEM	428	291	692
ITEM	429	78	368
ITEM	430	200	581
ITEM	431	989	1150
ITEM	432	850	1090
ITEM	433	9	126
ITEM	434	526	901
ITEM	435	840	1086
ITEM	436	261	658
ITEM	437	519	896
ITEM	438	861	1095
ITEM	439	947	1133
ITEM	440	468	857
ITEM	441	735	1032
ITEM	442	458	849
ITEM	443	167	533
ITEM	444	543	913
ITEM	445	998	1153
ITEM	446	116	447
ITEM	447	135	481
ITEM	448	990	1150
ITEM	449	80	373
ITEM	450	156	516
ITEM	451	457	848
ITEM	452	777	1054
ITEM	453	221	609
ITEM	454	954	1136
ITEM	455	242	635
ITEM	456	373	775
ITEM	457	122	458
ITEM	458	559	924
ITEM	459	364	766
ITEM	460	584	941
ITEM	461	582	940
ITEM	462	437	831
ITEM	463	369	771
ITEM	464	457	848
ITEM	465	900	1113
ITEM	466	853	1092
ITEM	467	432	827
ITEM	468	37	255
ITEM	469	738	1034
ITEM	470	951	1135
ITEM	471	267	665
ITEM	472	260	657
ITEM	473	558	923
ITEM	474	32	237
ITEM	475	397	797
ITEM	476	761	1046
ITEM	477	324	727
ITEM	478	87	388
ITEM	479	700	1013
ITEM	480	881	1105
ITEM	481	612	959
ITEM	482	95	406
ITEM	483	613	960
ITEM	484	651	984
ITEM	485	777	1054
ITEM	486	142	493
ITEM	487	936	1128
ITEM	488	37	255
ITEM	489	349	752
ITEM	490	859	1095
ITEM	491	602	953
ITEM	492	225	614
ITEM	493	299	701
ITEM	494	250	645
ITEM	495	357	760
ITEM	496	227	616
ITEM	497	344	747
ITEM	498	401	800
ITEM	499	728	1028
ITEM	500	595	948
ITEM	501	937	1129
ITEM	502	136	483
ITEM	503	199	579
ITEM	504	512	890
ITEM	505	104	424
ITEM	506	126	465
ITEM	507	1	42
ITEM	508	61	326
ITEM	509	787	1060
ITEM	510	495	878
ITEM	511	416	814
ITEM	512	928	1125
ITEM	513	838	1085
ITEM	514	455	846
ITEM	515	3	73
ITEM	516	341	744
ITEM	517	332	735
ITEM	518	993	1151
ITEM	519	664	992
ITEM	520	519	896
ITEM	521	352	755
ITEM	522	146	500
ITEM	523	935	1128
ITEM	524	410	808
ITEM	525	895	1111
ITEM	526	900	1113
ITEM	527	422	819
ITEM	528	1	42
ITEM	529	69	347
ITEM	530	232	623
ITEM	531	795	1064
ITEM	532	980	1146
ITEM	533	222	610
ITEM	534	341	744
ITEM	535	222	610
ITEM	536	41	268
ITEM	537	173	542
ITEM	538	588	944
ITEM	539	680	1001
ITEM	540	594	948
ITEM	541	189	565
ITEM	542	178	549
ITEM	543	18	178
ITEM	544	176	546
ITEM	545	877	1103
ITEM	546	124	462
ITEM	547	210	594
ITEM	548	348	751
ITEM	549	634	973
ITEM	550	510	889
ITEM	551	672	996
ITEM	552	339	742
ITEM	553	821	1077
ITEM	554	598	950
ITEM	555	79	371
ITEM	556	241	634
ITEM	557	314	717
ITEM	558	803	1068
ITEM	559	566	929
ITEM	560	23	201
ITEM	561	587	943
ITEM	562	62	329
ITEM	563	732	1031
ITEM	564	147	501
ITEM	565	986	1149
ITEM	566	647	981
ITEM	567	345	748
ITEM	568	70	349
ITEM	569	347	750
ITEM	570	926	1124
ITEM	571	164	528
ITEM	572	413	811
ITEM	573	618	963
ITEM	574	131	474
ITEM	575	775	1053
ITEM	576	74	359
ITEM	577	633	973
ITEM	578	647	981
ITEM	579	848	1089
ITEM	580	77	366
ITEM	581	714	1021
ITEM	582	850	1090
ITEM	583	733	1031
ITEM	584	421	818
ITEM	585	228	618
ITEM	586	49	293
ITEM	587	782	1057
ITEM	588	726	1027
ITEM	589	781	1057
ITEM	590	531	904
ITEM	591	322	725
ITEM	592	948	1133
ITEM	593	189	565
ITEM	594	266	664
ITEM	595	670	995
ITEM	596	956	1137
ITEM	597	898	1112
ITEM	598	289	690
ITEM	599	108	432
ITEM	600	227	616
ITEM	601	989	1150
ITEM	602	301	703
ITEM	603	218	605
ITEM	604	479	865
ITEM	605	437	831
ITEM	606	505	885
ITEM	607	483	868
ITEM	608	478	865
ITEM	609	788	1060
ITEM	610	225	614
ITEM	611	564	928
ITEM	612	843	1087
ITEM	613	885	1106
ITEM	614	330	733
ITEM	615	153	511
ITEM	616	100	416
ITEM	617	827	1079
ITEM	618	991	1151
ITEM	619	823	1077
ITEM	620	778	1055
ITEM	621	803	1068
ITEM	622	814	1073
ITEM	623	753	1042
ITEM	624	834	1083
ITEM	625	950	1134
ITEM	626	872	1101
ITEM	627	770	1051
ITEM	628	171	539
ITEM	629	912	1118
ITEM	630	661	990
ITEM	631	583	940
ITEM	632	549	917
ITEM	633	241	634
ITEM	634	532	905
ITEM	635	636	975
ITEM	636	660	989
ITEM	637	297	699
ITEM	638	606	956
ITEM	639	473	861
ITEM	640	650	983
ITEM	641	805	1069
ITEM	642	717	1022
ITEM	643	33	241
ITEM	644	863	1096
ITEM	645	738	1034
ITEM	646	419	816
ITEM	647	770	1051
ITEM	648	112	439
ITEM	649	652	984
ITEM	650	568	930
ITEM	651	11	139
ITEM	652	220	607
ITEM	653	169	536
ITEM	654	536	908
ITEM	655	454	845
ITEM	656	146	500
ITEM	657	723	1026
ITEM	658	565	928
ITEM	659	224	613
ITEM	660	465	854
ITEM	661	261	658
ITEM	662	311	714
ITEM	663	372	774
ITEM	664	476	863
ITEM	665	30	230
ITEM	666	94	403
ITEM	667	241	634
ITEM	668	731	1030
ITEM	669	125	463
ITEM	670	897	1112
ITEM	671	604	954
ITEM	672	257	653
ITEM	673	931	1126
ITEM	674	636	975
ITEM	675	966	1141
ITEM	676	264	662
ITEM	677	148	503
ITEM	678	745	1038
ITEM	679	952	1135
ITEM	680	604	954
ITEM	681	519	896
ITEM	682	585	942
ITEM	683	186	561
ITEM	684	776	1054
ITEM	685	949	1134
ITEM	686	739	1034
ITEM	687	551	919
ITEM	688	755	1043
ITEM	689	145	498
ITEM	690	690	1007
ITEM	691	257	653
ITEM	692	417	814
ITEM	693	459	849
ITEM	694	946	1133
ITEM	695	609	958
ITEM	696	857	1094
ITEM	697	62	329
ITEM	698	119	453
ITEM	699	893	1110
ITEM	700	370	772
ITEM	701	131	474
ITEM	702	998	1153
ITEM	703	269	667
ITEM	704	375	777
ITEM	705	192	570
ITEM	706	153	511
ITEM	707	100	416
ITEM	708	76	364
ITEM	709	271	670
ITEM	710	91	397
ITEM	711	599	951
ITEM	712	125	463
ITEM	713	24	205
ITEM	714	501	882
ITEM	715	223	611
ITEM	716	82	377
ITEM	717	492	875
ITEM	718	619	964
ITEM	719	702	1014
ITEM	720	939	1130
ITEM	721	633	973
ITEM	722	242	635
ITEM	723	123	460
ITEM	724	511	890
ITEM	725	303	705
ITEM	726	426	822
ITEM	727	960	1138
ITEM	728	946	1133
ITEM	729	823	1077
ITEM	730	392	792
ITEM	731	478	865
ITEM	732	164	528
ITEM	733	808	1070
ITEM	734	684	1004
ITEM	735	391	791
ITEM	736	484	869
ITEM	737	395	795
ITEM	738	93	401
ITEM	739	207	590
ITEM	740	237	629
ITEM	741	543	913
ITEM	742	397	797
ITEM	743	141	491
ITEM	744	634	973
ITEM	745	546	915
ITEM	746	431	826
ITEM	747	23	201
ITEM	748	675	998
ITEM	749	432	827
ITEM	750	531	904
ITEM	751	96	408
ITEM	752	382	783
ITEM	753	386	787
ITEM	754	878	1103
ITEM	755	109	434
ITEM	756	138	486
ITEM	757	870	1100
ITEM	758	770	1051
ITEM	759	621	965
ITEM	760	403	802
ITEM	761	583	940
ITEM	762	359	762
ITEM	763	915	1120
ITEM	764	605	955
ITEM	765	927	1125
ITEM	766	887	1107
ITEM	767	424	820
ITEM	768	471	859
ITEM	769	130	472
ITEM	770	940	1130
ITEM	771	89	393
ITEM	772	592	946
ITEM	773	682	1002
ITEM	774	759	1045
ITEM	775	541	911
ITEM	776	494	877
ITEM	777	244	638
ITEM	778	147	501
ITEM	779	523	899
ITEM	780	1	42
ITEM	781	682	1002
ITEM	782	986	1149
ITEM	783	452	844
ITEM	784	174	543
ITEM	785	384	785
ITEM	786	908	1117
ITEM	787	532	905
ITEM	788	595	948
ITEM	789	519	896
ITEM	790	151	508
ITEM	791	321	724
ITEM	792	295	696
ITEM	793	392	792
ITEM	794	118	451
ITEM	795	155	514
ITEM	796	92	399
ITEM	797	543	913
ITEM	798	696	1010
ITEM	799	353	756
ITEM	800	629	970
ITEM	801	767	1049
ITEM	802	832	1082
ITEM	803	578	937
ITEM	804	890	1109
ITEM	805	689	1006
ITEM	806	429	825
ITEM	807	291	692
ITEM	808	474	861
ITEM	809	59	321
ITEM	810	77	366
ITEM	811	687	1005
ITEM	812	413	811
ITEM	813	436	831
ITEM	814	648	982
ITEM	815	22	197
ITEM	816	811	1072
ITEM	817	387	788
ITEM	818	299	701
ITEM	819	742	1036
ITEM	820	86	386
ITEM	821	890	1109
ITEM	822	899	1113
ITEM	823	317	720
ITEM	824	95	406
ITEM	825	81	375
ITEM	826	427	823
ITEM	827	181	554
ITEM	828	930	1126
ITEM	829	991	1151
ITEM	830	355	758
ITEM	831	697	1011
ITEM	832	658	988
ITEM	833	458	849
ITEM	834	564	928
ITEM	835	541	911
ITEM	836	788	1060
ITEM	837	842	1087
ITEM	838	815	1074
ITEM	839	418	815
ITEM	840	750	1040
ITEM	841	713	1020
ITEM	842	304	706
ITEM	843	514	892
ITEM	844	168	534
ITEM	845	170	537
ITEM	846	341	744
ITEM	847	588	944
ITEM	848	196	575
ITEM	849	937	1129
ITEM	850	674	998
ITEM	851	118	451
ITEM	852	720	1024
ITEM	853	904	1115
ITEM	854	502	883
ITEM	855	400	800
ITEM	856	681	1002
ITEM	857	263	660
ITEM	858	697	1011
ITEM	859	3	73
ITEM	860	331	734
ITEM	861	888	1108
ITEM	862	264	662
ITEM	863	501	882
ITEM	864	664	992
ITEM	865	136	483
ITEM	866	589	944
ITEM	867	871	1100
ITEM	868	849	1090
ITEM	869	705	1016
ITEM	870	483	868
ITEM	871	476	863
ITEM	872	906	1116
ITEM	873	709	1018
ITEM	874	571	932
ITEM	875	31	233
ITEM	876	430	825
ITEM	877	641	978
ITEM	878	43	274
ITEM	879	464	853
ITEM	880	638	976
ITEM	881	358	761
ITEM	882	312	715
ITEM	883	73	356
ITEM	884	512	890
ITEM	885	764	1048
ITEM	886	603	954
ITEM	887	893	1110
ITEM	888	341	744
ITEM	889	331	734
ITEM	890	997	1153
ITEM	891	668	994
ITEM	892	410	808
ITEM	893	130	472
ITEM	894	980	1146
ITEM	895	347	750
ITEM	896	158	519
ITEM	897	515	893
ITEM	898	13	151
ITEM	899	497	879
ITEM	900	541	911
ITEM	901	119	453
ITEM	902	153	511
ITEM	903	553	920
ITEM	904	929	1126
ITEM	905	331	734
ITEM	906	273	672
ITEM	907	299	701
ITEM	908	271	670
ITEM	909	887	1107
ITEM	910	889	1108
ITEM	911	494	877
ITEM	912	851	1091
ITEM	913	755	1043
ITEM	914	151	508
ITEM	915	47	287
ITEM	916	386	787
ITEM	917	952	1135
ITEM	918	999	1154
ITEM	919	646	981
ITEM	920	764	1048
ITEM	921	461	851
ITEM	922	51	299
ITEM	923	250	645
ITEM	924	193	571
ITEM	925	898	1112
ITEM	926	217	604
ITEM	927	344	747
ITEM	928	58	318
ITEM	929	90	395
ITEM	930	601	952
ITEM	931	377	779
ITEM	932	241	634
ITEM	933	210	594
ITEM	934	703	1014
ITEM	935	268	666
ITEM	936	214	600
ITEM	937	645	980
ITEM	938	463	853
ITEM	939	409	807
ITEM	940	666	993
ITEM	941	229	619
ITEM	942	171	539
ITEM	943	56	313
ITEM	944	957	1137
ITEM	945	14	157
ITEM	946	780	1056
ITEM	947	516	893
ITEM	948	169	536
ITEM	949	234	625
ITEM	950	647	981
ITEM	951	46	284
ITEM	952	48	290
ITEM	953	609	958
ITEM	954	242	635
ITEM	955	856	1093
ITEM	956	610	958
ITEM	957	651	984
ITEM	958	844	1088
ITEM	959	135	481
ITEM	960	690	1007
ITEM	961	137	484
ITEM	962	772	1052
ITEM	963	499	881
ITEM	964	229	619
ITEM	965	383	784
ITEM	966	165	530
ITEM	967	769	1050
ITEM	968	562	926
ITEM	969	498	880
ITEM	970	850	1090
ITEM	971	483	868
ITEM	972	500	881
ITEM	973	266	664
ITEM	974	336	739
ITEM	975	56	313
ITEM	976	484	869
ITEM	977	802	1067
ITEM	978	450	842
ITEM	979	985	1148
ITEM	980	597	950
ITEM	981	656	987
ITEM	982	659	989
ITEM	983	7	111
ITEM	984	699	1012
ITEM	985	512	890
ITEM	986	605	955
ITEM	987	624	967
ITEM	988	495	878
ITEM	989	131	474
ITEM	990	886	1107
ITEM	991	892	1110
ITEM	992	783	1058
ITEM	993	715	1021
ITEM	994	604	954
ITEM	995	885	1106
ITEM	996	693	1009
ITEM	997	324	727
ITEM	998	730	1030
ITEM	999	738	1034
ITEM	1000	181	554
ITEM	1001	519	896
ITEM	1002	801	1067
ITEM	1003	675	998
ITEM	1004	560	925
ITEM	1005	882	1105
ITEM	1006	989	1150
ITEM	1007	934	1128
ITEM	1008	366	768
ITEM	1009	568	930
ITEM	1010	64	334
ITEM	1011	989	1150
ITEM	1012	309	711
ITEM	1013	546	915
ITEM	1014	301	703
ITEM	1015	975	1144
ITEM	1016	627	969
ITEM	1017	689	1006
ITEM	1018	836	1084
ITEM	1019	723	1026
ITEM	1020	592	946
ITEM	1021	360	763
ITEM	1022	525	900
ITEM	1023	320	723
ITEM	1024	475	862
ITEM	1025	663	991
ITEM	1026	828	1080
ITEM	1027	587	943
ITEM	1028	728	1028
ITEM	1029	2	59
ITEM	1030	743	1037
ITEM	1031	387	788
ITEM	1032	683	1003
ITEM	1033	116	447
ITEM	1034	336	739
ITEM	1035	168	534
ITEM	1036	544	914
ITEM	1037	238	630
ITEM	1038	887	1107
ITEM	1039	659	989
ITEM	1040	942	1131
ITEM	1041	540	911
ITEM	1042	183	557
ITEM	1043	97	410
ITEM	1044	853	1092
ITEM	1045	512	890
ITEM	1046	998	1153
ITEM	1047	928	1125
ITEM	1048	147	501
ITEM	1049	441	835
ITEM	1050	283	683
ITEM	1051	353	756
ITEM	1052	550	918
ITEM	1053	643	979
ITEM	1054	100	416
ITEM	1055	655	986
ITEM	1056	309	711
ITEM	1057	601	952
ITEM	1058	834	1083
ITEM	1059	688	1006
ITEM	1060	333	736
ITEM	1061	665	992
ITEM	1062	707	1017
ITEM	1063	459	849
ITEM	1064	90	395
ITEM	1065	480	866
ITEM	1066	135	481
ITEM	1067	181	554
ITEM	1068	52	302
ITEM	1069	781	1057
ITEM	1070	950	1134
ITEM	1071	732	1031
ITEM	1072	959	1138
ITEM	1073	731	1030
ITEM	1074	25	210
ITEM	1075	908	1117
ITEM	1076	683	1003
ITEM	1077	443	836
ITEM	1078	331	734
ITEM	1079	375	777
ITEM	1080	983	1148
ITEM	1081	848	1089
ITEM	1082	953	1136
ITEM	1083	747	1039
ITEM	1084	923	1123
ITEM	1085	564	928
ITEM	1086	105	426
ITEM	1087	662	991
ITEM	1088	235	627
ITEM	1089	930	1126
ITEM	1090	667	994
ITEM	1091	303	705
ITEM	1092	415	813
ITEM	1093	845	1088
ITEM	1094	280	680
ITEM	1095	229	619
ITEM	1096	826	1079
ITEM	1097	583	940
ITEM	1098	530	904
ITEM	1099	959	1138
ITEM	1100	593	947
ITEM	1101	235	627
ITEM	1102	247	641
ITEM	1103	186	561
ITEM	1104	570	932
ITEM	1105	933	1127
ITEM	1106	462	852
ITEM	1107	50	296
ITEM	1108	158	519
ITEM	1109	512	890
ITEM	1110	36	251
ITEM	1111	357	760
ITEM	1112	265	663
ITEM	1113	773	1052
ITEM	1114	508	887
ITEM	1115	166	531
ITEM	1116	173	542
ITEM	1117	991	1151
ITEM	1118	190	567
ITEM	1119	642	978
ITEM	1120	608	957
ITEM	1121	834	1083
ITEM	1122	28	222
ITEM	1123	577	936
ITEM	1124	787	1060
ITEM	1125	353	756
ITEM	1126	277	677
ITEM	1127	504	884
ITEM	1128	724	1026
ITEM	1129	179	551
ITEM	1130	512	890
ITEM	1131	782	1057
ITEM	1132	581	939
ITEM	1133	608	957
ITEM	1134	9	126
ITEM	1135	585	942
ITEM	1136	332	735
ITEM	1137	718	1023
ITEM	1138	24	205
ITEM	1139	187	562
ITEM	1140	544	914
ITEM	1141	170	537
ITEM	1142	5	94
ITEM	1143	445	838
ITEM	1144	527	901
ITEM	1145	860	1095
ITEM	1146	267	665
ITEM	1147	907	1116
ITEM	1148	667	994
ITEM	1149	70	349
ITEM	1150	163	527
ITEM	1151	421	818
ITEM	1152	190	567
ITEM	1153	277	677
ITEM	1154	275	674
ITEM	1155	687	1005
ITEM	1156	167	533
ITEM	1157	282	682
ITEM	1158	669	995
ITEM	1159	619	964
ITEM	1160	23	201
ITEM	1161	801	1067
ITEM	1162	729	1029
ITEM	1163	958	1138
ITEM	1164	336	739
ITEM	1165	188	564
ITEM	1166	621	965
ITEM	1167	24	205
ITEM	1168	213	598
ITEM	1169	442	836
ITEM	1170	897	1112
ITEM	1171	10	133
ITEM	1172	13	151
ITEM	1173	151	508
ITEM	1174	288	689
ITEM	1175	743	1037
ITEM	1176	711	1019
ITEM	1177	534	906
ITEM	1178	205	588
ITEM	1179	293	694
ITEM	1180	678	1000
ITEM	1181	230	620
ITEM	1182	986	1149
ITEM	1183	363	766
ITEM	1184	149	504
ITEM	1185	4	84
ITEM	1186	422	819
ITEM	1187	842	1087
ITEM	1188	181	554
ITEM	1189	7	111
ITEM	1190	582	940
ITEM	1191	444	837
ITEM	1192	367	769
ITEM	1193	766	1049
ITEM	1194	483	868
ITEM	1195	830	1081
ITEM	1196	86	386
ITEM	1197	545	914
ITEM	1198	623	966
ITEM	1199	128	469
ITEM	1200	582	940
ITEM	1201	241	634
ITEM	1202	923	1123
ITEM	1203	244	638
ITEM	1204	643	979
ITEM	1205	471	859
ITEM	1206	91	397
ITEM	1207	882	1105
ITEM	1208	166	531
ITEM	1209	1	42
ITEM	1210	952	1135
ITEM	1211	681	1002
ITEM	1212	387	788
ITEM	1213	183	557
ITEM	1214	780	1056
ITEM	1215	357	760
ITEM	1216	60	324
ITEM	1217	542	912
ITEM	1218	139	488
ITEM	1219	280	680
ITEM	1220	361	764
ITEM	1221	183	557
ITEM	1222	301	703
ITEM	1223	378	780
ITEM	1224	808	1070
ITEM	1225	170	537
ITEM	1226	733	1031
ITEM	1227	770	1051
ITEM	1228	963	1140
ITEM	1229	529	903
ITEM	1230	714	1021
ITEM	1231	56	313
ITEM	1232	217	604
ITEM	1233	31	233
ITEM	1234	601	952
ITEM	1235	643	979
ITEM	1236	419	816
ITEM	1237	424	820
ITEM	1238	774	1053
ITEM	1239	31	233
ITEM	1240	644	980
ITEM	1241	250	645
ITEM	1242	797	1065
ITEM	1243	460	850
ITEM	1244	880	1104
ITEM	1245	919	1121
ITEM	1246	818	1075
ITEM	1247	828	1080
ITEM	1248	903	1114
ITEM	1249	197	577
ITEM	1250	753	1042
ITEM	1251	274	673
ITEM	1252	144	496
ITEM	1253	746	1038
ITEM	1254	265	663
ITEM	1255	352	755
ITEM	1256	802	1067
ITEM	1257	892	1110
ITEM	1258	95	406
ITEM	1259	180	552
ITEM	1260	7	111
ITEM	1261	273	672
ITEM	1262	746	1038
ITEM	1263	496	878
ITEM	1264	303	705
ITEM	1265	513	891
ITEM	1266	83	380
ITEM	1267	994	1152
ITEM	1268	232	623
ITEM	1269	589	944
ITEM	1270	856	1093
ITEM	1271	883	1106
ITEM	1272	308	710
ITEM	1273	47	287
ITEM	1274	682	1002
ITEM	1275	49	293
ITEM	1276	149	504
ITEM	1277	712	1020
ITEM	1278	534	906
ITEM	1279	729	1029
ITEM	1280	66	339
ITEM	1281	61	326
ITEM	1282	245	639
ITEM	1283	124	462
ITEM	1284	874	1101
ITEM	1285	915	1120
ITEM	1286	71	352
ITEM	1287	828	1080
ITEM	1288	214	600
ITEM	1289	590	945
ITEM	1290	840	1086
ITEM	1291	497	879
ITEM	1292	164	528
ITEM	1293	189	565
ITEM	1294	730	1030
ITEM	1295	668	994
ITEM	1296	429	825
ITEM	1297	164	528
ITEM	1298	183	557
ITEM	1299	114	443
ITEM	1300	880	1104
ITEM	1301	825	1078
ITEM	1302	10	133
ITEM	1303	669	995
ITEM	1304	722	1025
ITEM	1305	945	1132
ITEM	1306	207	590
ITEM	1307	897	1112
ITEM	1308	93	401
ITEM	1309	114	443
ITEM	1310	516	893
ITEM	1311	547	916
ITEM	1312	342	745
ITEM	1313	3	73
ITEM	1314	256	652
ITEM	1315	165	530
ITEM	1316	802	1067
ITEM	1317	189	565
ITEM	1318	469	857
ITEM	1319	800	1066
ITEM	1320	312	715
ITEM	1321	707	1017
ITEM	1322	897	1112
ITEM	1323	186	561
ITEM	1324	284	684
ITEM	1325	974	1144
ITEM	1326	833	1082
ITEM	1327	323	726
ITEM	1328	592	946
ITEM	1329	246	640
ITEM	1330	366	768
ITEM	1331	853	1092
ITEM	1332	64	334
ITEM	1333	270	669
ITEM	1334	67	342
ITEM	1335	146	500
ITEM	1336	861	1095
ITEM	1337	273	672
ITEM	1338	629	970
ITEM	1339	488	872
ITEM	1340	516	893
ITEM	1341	962	1139
ITEM	1342	507	887
ITEM	1343	297	699
ITEM	1344	930	1126
ITEM	1345	674	998
ITEM	1346	80	373
ITEM	1347	760	1046
ITEM	1348	83	380
ITEM	1349	348	751
ITEM	1350	369	771
ITEM	1351	792	1062
ITEM	1352	773	1052
ITEM	1353	463	853
ITEM	1354	850	1090
ITEM	1355	743	1037
ITEM	1356	126	465
ITEM	1357	601	952
ITEM	1358	376	778
ITEM	1359	743	1037
ITEM	1360	194	572
ITEM	1361	802	1067
ITEM	1362	756	1044
ITEM	1363	91	397
ITEM	1364	396	796
ITEM	1365	346	749
ITEM	1366	14	157
ITEM	1367	605	955
ITEM	1368	103	422
ITEM	1369	145	498
ITEM	1370	861	1095
ITEM	1371	333	736
ITEM	1372	131	474
ITEM	1373	371	773
ITEM	1374	410	808
ITEM	1375	529	903
ITEM	1376	435	830
ITEM	1377	507	887
ITEM	1378	668	994
ITEM	1379	305	707
ITEM	1380	782	1057
ITEM	1381	455	846
ITEM	1382	836	1084
ITEM	1383	860	1095
ITEM	1384	680	1001
ITEM	1385	861	1095
ITEM	1386	939	1130
ITEM	1387	699	1012
ITEM	1388	355	758
ITEM	1389	329	732
ITEM	1390	839	1085
ITEM	1391	743	1037
ITEM	1392	44	278
ITEM	1393	654	986
ITEM	1394	132	476
ITEM	1395	738	1034
ITEM	1396	390	791
ITEM	1397	756	1044
ITEM	1398	993	1151
ITEM	1399	867	1098
ITEM	1400	234	625
ITEM	1401	454	845
ITEM	1402	469	857
ITEM	1403	977	1145
ITEM	1404	554	921
ITEM	1405	739	1034
ITEM	1406	279	679
ITEM	1407	321	724
ITEM	1408	871	1100
ITEM	1409	717	1022
ITEM	1410	629	970
ITEM	1411	228	618
ITEM	1412	866	1098
ITEM	1413	852	1091
ITEM	1414	90	395
ITEM	1415	592	946
ITEM	1416	520	896
ITEM	1417	687	1005
ITEM	1418	62	329
ITEM	1419	613	960
ITEM	1420	541	911
ITEM	1421	696	1010
ITEM	1422	856	1093
ITEM	1423	668	994
ITEM	1424	357	760
ITEM	1425	408	807
ITEM	1426	931	1126
ITEM	1427	738	1034
ITEM	1428	470	858
ITEM	1429	484	869
ITEM	1430	303	705
ITEM	1431	285	685
ITEM	1432	445	838
ITEM	1433	875	1102
ITEM	1434	681	1002
ITEM	1435	995	1152
ITEM	1436	310	713
ITEM	1437	747	1039
ITEM	1438	329	732
ITEM	1439	285	685
ITEM	1440	654	986
ITEM	1441	299	701
ITEM	1442	226	615
ITEM	1443	986	1149
ITEM	1444	210	594
ITEM	1445	163	527
ITEM	1446	508	887
ITEM	1447	105	426
ITEM	1448	189	565
ITEM	1449	506	886
ITEM	1450	770	1051
ITEM	1451	75	361
ITEM	1452	161	524
ITEM	1453	521	897
ITEM	1454	219	606
ITEM	1455	393	793
ITEM	1456	754	1042
ITEM	1457	450	842
ITEM	1458	244	638
ITEM	1459	64	334
ITEM	1460	963	1140
ITEM	1461	793	1063
ITEM	1462	401	800
ITEM	1463	743	1037
ITEM	1464	335	738
ITEM	1465	865	1097
ITEM	1466	375	777
ITEM	1467	994	1152
ITEM	1468	827	1079
ITEM	1469	352	755
ITEM	1470	930	1126
ITEM	1471	561	925
ITEM	1472	610	958
ITEM	1473	30	230
ITEM	1474	379	780
ITEM	1475	69	347
ITEM	1476	597	950
ITEM	1477	295	696
ITEM	1478	625	968
ITEM	1479	50	296
ITEM	1480	988	1150
ITEM	1481	664	992
ITEM	1482	273	672
ITEM	1483	708	1017
ITEM	1484	598	950
ITEM	1485	905	1115
ITEM	1486	875	1102
ITEM	1487	326	729
ITEM	1488	264	662
ITEM	1489	946	1133
ITEM	1490	819	1076
ITEM	1491	722	1025
ITEM	1492	104	424
ITEM	1493	231	622
ITEM	1494	896	1111
ITEM	1495	657	988
ITEM	1496	907	1116
ITEM	1497	661	990
ITEM	1498	91	397
ITEM	1499	612	959
ITEM	1500	443	836
ITEM	1501	798	1065
ITEM	1502	606	956
ITEM	1503	823	1077
ITEM	1504	969	1142
ITEM	1505	467	856
ITEM	1506	665	992
ITEM	1507	998	1153
ITEM	1508	715	1021
ITEM	1509	433	828
ITEM	1510	129	471
ITEM	1511	607	956
ITEM	1512	623	966
ITEM	1513	290	691
ITEM	1514	437	831
ITEM	1515	166	531
ITEM	1516	140	490
ITEM	1517	230	620
ITEM	1518	929	1126
ITEM	1519	406	805
ITEM	1520	319	722
ITEM	1521	846	1088
ITEM	1522	61	326
ITEM	1523	748	1039
ITEM	1524	33	241
ITEM	1525	625	968
ITEM	1526	558	923
ITEM	1527	973	1144
ITEM	1528	571	932
ITEM	1529	283	683
ITEM	1530	21	192
ITEM	1531	518	895
ITEM	1532	399	799
ITEM	1533	606	956
ITEM	1534	39	262
ITEM	1535	276	675
ITEM	1536	369	771
ITEM	1537	950	1134
ITEM	1538	317	720
ITEM	1539	325	728
ITEM	1540	156	516
ITEM	1541	47	287
ITEM	1542	867	1098
ITEM	1543	489	873
ITEM	1544	209	593
ITEM	1545	294	695
ITEM	1546	783	1058
ITEM	1547	133	478
ITEM	1548	985	1148
ITEM	1549	160	522
ITEM	1550	639	976
ITEM	1551	103	422
ITEM	1552	761	1046
ITEM	1553	879	1104
ITEM	1554	32	237
ITEM	1555	209	593
ITEM	1556	799	1066
ITEM	1557	83	380
ITEM	1558	310	713
ITEM	1559	169	536
ITEM	1560	146	500
ITEM	1561	529	903
ITEM	1562	16	168
ITEM	1563	413	811
ITEM	1564	845	1088
ITEM	1565	581	939
ITEM	1566	68	344
ITEM	1567	655	986
ITEM	1568	851	1091
ITEM	1569	598	950
ITEM	1570	223	611
ITEM	1571	632	972
ITEM	1572	422	819
ITEM	1573	884	1106
ITEM	1574	840	1086
ITEM	1575	938	1129
ITEM	1576	265	663
ITEM	1577	366	768
ITEM	1578	490	874
ITEM	1579	326	729
ITEM	1580	233	624
ITEM	1581	639	976
ITEM	1582	423	820
ITEM	1583	418	815
ITEM	1584	835	1083
ITEM	1585	556	922
ITEM	1586	447	840
ITEM	1587	204	586
ITEM	1588	354	757
ITEM	1589	995	1152
ITEM	1590	232	623
ITEM	1591	253	649
ITEM	1592	852	1091
ITEM	1593	981	1147
ITEM	1594	581	939
ITEM	1595	28	222
ITEM	1596	835	1083
ITEM	1597	808	1070
ITEM	1598	687	1005
ITEM	1599	226	615
ITEM	1600	867	1098
ITEM	1601	314	717
ITEM	1602	928	1125
ITEM	1603	536	908
ITEM	1604	919	1121
ITEM	1605	976	1145
ITEM	1606	208	592
ITEM	1607	730	1030
ITEM	1608	717	1022
ITEM	1609	977	1145
ITEM	1610	391	791
ITEM	1611	492	875
ITEM	1612	893	1110
ITEM	1613	893	1110
ITEM	1614	852	1091
ITEM	1615	883	1106
ITEM	1616	193	571
ITEM	1617	169	536
ITEM	1618	680	1001
ITEM	1619	865	1097
ITEM	1620	558	923
ITEM	1621	32	237
ITEM	1622	562	926
ITEM	1623	767	1049
ITEM	1624	321	724
ITEM	1625	3	73
ITEM	1626	878	1103
ITEM	1627	127	467
ITEM	1628	330	733
ITEM	1629	654	986
ITEM	1630	46	284
ITEM	1631	789	1061
ITEM	1632	271	670
ITEM	1633	780	1056
ITEM	1634	634	973
ITEM	1635	681	1002
ITEM	1636	959	1138
ITEM	1637	635	974
ITEM	1638	285	685
ITEM	1639	171	539
ITEM	1640	898	1112
ITEM	1641	382	783
ITEM	1642	978	1146
ITEM	1643	409	807
ITEM	1644	878	1103
ITEM	1645	429	825
ITEM	1646	656	987
ITEM	1647	563	927
ITEM	1648	896	1111
ITEM	1649	792	1062
ITEM	1650	761	1046
ITEM	1651	351	754
ITEM	1652	177	548
ITEM	1653	148	503
ITEM	1654	691	1008
ITEM	1655	781	1057
ITEM	1656	586	942
ITEM	1657	737	1033
ITEM	1658	728	1028
ITEM	1659	503	884
ITEM	1660	199	579
ITEM	1661	765	1048
ITEM	1662	454	845
ITEM	1663	671	996
ITEM	1664	326	729
ITEM	1665	461	851
ITEM	1666	199	579
ITEM	1667	744	1037
ITEM	1668	762	1047
ITEM	1669	453	845
ITEM	1670	542	912
ITEM	1671	97	410
ITEM	1672	546	915
ITEM	1673	614	961
ITEM	1674	396	796
ITEM	1675	887	1107
ITEM	1676	10	133
ITEM	1677	36	251
ITEM	1678	720	1024
ITEM	1679	51	299
ITEM	1680	407	806
ITEM	1681	279	679
ITEM	1682	376	778
ITEM	1683	855	1093
ITEM	1684	883	1106
ITEM	1685	574	934
ITEM	1686	170	537
ITEM	1687	899	1113
ITEM	1688	90	395
ITEM	1689	109	434
ITEM	1690	603	954
ITEM	1691	981	1147
ITEM	1692	214	600
ITEM	1693	71	352
ITEM	1694	371	773
ITEM	1695	735	1032
ITEM	1696	699	1012
ITEM	1697	601	952
ITEM	1698	137	484
ITEM	1699	433	828
ITEM	1700	453	845
ITEM	1701	304	706
ITEM	1702	606	956
ITEM	1703	877	1103
ITEM	1704	805	1069
ITEM	1705	490	874
ITEM	1706	449	841
ITEM	1707	768	1050
ITEM	1708	16	168
ITEM	1709	782	1057
ITEM	1710	84	382
ITEM	1711	475	862
ITEM	1712	599	951
ITEM	1713	267	665
ITEM	1714	866	1098
ITEM	1715	602	953
ITEM	1716	254	650
ITEM	1717	827	1079
ITEM	1718	703	1014
ITEM	1719	254	650
ITEM	1720	680	1001
ITEM	1721	825	1078
ITEM	1722	636	975
ITEM	1723	419	816
ITEM	1724	55	310
ITEM	1725	783	1058
ITEM	1726	419	816
ITEM	1727	371	773
ITEM	1728	466	855
ITEM	1729	228	618
ITEM	1730	617	963
ITEM	1731	489	873
ITEM	1732	63	332
ITEM	1733	345	748
ITEM	1734	260	657
ITEM	1735	411	809
ITEM	1736	227	616
ITEM	1737	605	955
ITEM	1738	596	949
ITEM	1739	923	1123
ITEM	1740	527	901
ITEM	1741	19	183
ITEM	1742	947	1133
ITEM	1743	492	875
ITEM	1744	748	1039
ITEM	1745	172	540
ITEM	1746	230	620
ITEM	1747	847	1089
ITEM	1748	775	1053
ITEM	1749	702	1014
ITEM	1750	151	508
ITEM	1751	512	890
ITEM	1752	611	959
ITEM	1753	372	774
ITEM	1754	614	961
ITEM	1755	705	1016
ITEM	1756	309	711
ITEM	1757	391	791
ITEM	1758	373	775
ITEM	1759	503	884
ITEM	1760	106	428
ITEM	1761	149	504
ITEM	1762	466	855
ITEM	1763	682	1002
ITEM	1764	530	904
ITEM	1765	12	145
ITEM	1766	445	838
ITEM	1767	129	471
ITEM	1768	770	1051
ITEM	1769	339	742
ITEM	1770	952	1135
ITEM	1771	256	652
ITEM	1772	84	382
ITEM	1773	379	780
ITEM	1774	662	991
ITEM	1775	291	692
ITEM	1776	539	910
ITEM	1777	194	572
ITEM	1778	123	460
ITEM	1779	875	1102
ITEM	1780	837	1084
ITEM	1781	278	678
ITEM	1782	534	906
ITEM	1783	869	1099
ITEM	1784	543	913
ITEM	1785	20	188
ITEM	1786	980	1146
ITEM	1787	757	1044
ITEM	1788	468	857
ITEM	1789	669	995
ITEM	1790	164	528
ITEM	1791	586	942
ITEM	1792	508	887
ITEM	1793	953	1136
ITEM	1794	167	533
ITEM	1795	813	1073
ITEM	1796	698	1012
ITEM	1797	23	201
ITEM	1798	256	652
ITEM	1799	994	1152
ITEM	1800	795	1064
ITEM	1801	851	1091
ITEM	1802	290	691
ITEM	1803	702	1014
ITEM	1804	133	478
ITEM	1805	775	1053
ITEM	1806	739	1034
ITEM	1807	591	946
ITEM	1808	62	329
ITEM	1809	311	714
ITEM	1810	855	1093
ITEM	1811	5	94
ITEM	1812	737	1033
ITEM	1813	911	1118
ITEM	1814	24	205
ITEM	1815	53	304
ITEM	1816	542	912
ITEM	1817	818	1075
ITEM	1818	834	1083
ITEM	1819	526	901
ITEM	1820	932	1127
ITEM	1821	670	995
ITEM	1822	881	1105
ITEM	1823	604	954
ITEM	1824	963	1140
ITEM	1825	12	145
ITEM	1826	859	1095
ITEM	1827	716	1022
ITEM	1828	318	721
ITEM	1829	377	779
ITEM	1830	946	1133
ITEM	1831	500	881
ITEM	1832	75	361
ITEM	1833	81	375
ITEM	1834	37	255
ITEM	1835	227	616
ITEM	1836	24	205
ITEM	1837	402	801
ITEM	1838	844	1088
ITEM	1839	643	979
ITEM	1840	812	1072
ITEM	1841	286	687
ITEM	1842	393	793
ITEM	1843	586	942
ITEM	1844	678	1000
ITEM	1845	243	636
ITEM	1846	952	1135
ITEM	1847	323	726
ITEM	1848	83	380
ITEM	1849	598	950
ITEM	1850	932	1127
ITEM	1851	994	1152
ITEM	1852	3	73
ITEM	1853	729	1029
ITEM	1854	768	1050
ITEM	1855	74	359
ITEM	1856	172	540
ITEM	1857	475	862
ITEM	1858	336	739
ITEM	1859	256	652
ITEM	1860	46	284
ITEM	1861	354	757
ITEM	1862	922	1123
ITEM	1863	670	995
ITEM	1864	783	1058
ITEM	1865	752	1041
ITEM	1866	278	678
ITEM	1867	829	1080
ITEM	1868	17	173
ITEM	1869	736	1033
ITEM	1870	801	1067
ITEM	1871	231	622
ITEM	1872	694	1009
ITEM	1873	659	989
ITEM	1874	360	763
ITEM	1875	997	1153
ITEM	1876	770	1051
ITEM	1877	195	574
ITEM	1878	805	1069
ITEM	1879	469	857
ITEM	1880	43	274
ITEM	1881	973	1144
ITEM	1882	687	1005
ITEM	1883	174	543
ITEM	1884	895	1111
ITEM	1885	464	853
ITEM	1886	226	615
ITEM	1887	45	281
ITEM	1888	241	634
ITEM	1889	277	677
ITEM	1890	51	299
ITEM	1891	329	732
ITEM	1892	444	837
ITEM	1893	518	895
ITEM	1894	750	1040
ITEM	1895	60	324
ITEM	1896	503	884
ITEM	1897	366	768
ITEM	1898	752	1041
ITEM	1899	536	908
ITEM	1900	275	674
ITEM	1901	533	906
ITEM	1902	587	943
ITEM	1903	668	994
ITEM	1904	14	157
ITEM	1905	756	1044
ITEM	1906	37	255
ITEM	1907	650	983
ITEM	1908	29	226
ITEM	1909	968	1142
ITEM	1910	225	614
ITEM	1911	814	1073
ITEM	1912	708	1017
ITEM	1913	335	738
ITEM	1914	167	533
ITEM	1915	110	436
ITEM	1916	724	1026
ITEM	1917	771	1051
ITEM	1918	811	1072
ITEM	1919	97	410
ITEM	1920	680	1001
ITEM	1921	131	474
ITEM	1922	111	438
ITEM	1923	861	1095
ITEM	1924	981	1147
ITEM	1925	710	1018
ITEM	1926	150	506
ITEM	1927	759	1045
ITEM	1928	224	613
ITEM	1929	208	592
ITEM	1930	857	1094
ITEM	1931	407	806
ITEM	1932	869	1099
ITEM	1933	833	1082
ITEM	1934	337	740
ITEM	1935	799	1066
ITEM	1936	490	874
ITEM	1937	679	1001
ITEM	1938	358	761
ITEM	1939	988	1150
ITEM	1940	377	779
ITEM	1941	47	287
ITEM	1942	12	145
ITEM	1943	209	593
ITEM	1944	770	1051
ITEM	1945	860	1095
ITEM	1946	98	412
ITEM	1947	877	1103
ITEM	1948	514	892
ITEM	1949	830	1081
ITEM	1950	237	629
ITEM	1951	339	742
ITEM	1952	409	807
ITEM	1953	533	906
ITEM	1954	279	679
ITEM	1955	810	1071
ITEM	1956	34	244
ITEM	1957	55	310
ITEM	1958	0	0
ITEM	1959	384	785
ITEM	1960	339	742
ITEM	1961	343	746
ITEM	1962	645	980
ITEM	1963	534	906
ITEM	1964	775	1053
ITEM	1965	954	1136
ITEM	1966	344	747
ITEM	1967	0	0
ITEM	1968	241	634
ITEM	1969	316	719
ITEM	1970	916	1120
ITEM	1971	483	868
ITEM	1972	642	978
ITEM	1973	197	577
ITEM	1974	121	456
ITEM	1975	39	262
ITEM	1976	327	730
ITEM	1977	505	885
ITEM	1978	859	1095
ITEM	1979	582	940
ITEM	1980	196	575
ITEM	1981	100	416
ITEM	1982	374	776
ITEM	1983	413	811
ITEM	1984	752	1041
ITEM	1985	760	1046
ITEM	1986	977	1145
ITEM	1987	166	531
ITEM	1988	883	1106
ITEM	1989	958	1138
ITEM	1990	333	736
ITEM	1991	85	384
ITEM	1992	651	984
ITEM	1993	619	964
ITEM	1994	827	1079
ITEM	1995	39	262
ITEM	1996	877	1103
ITEM	1997	497	879
ITEM	1998	54	307
ITEM	1999	179	551
ITEM	2000	796	1064
ITEM	2001	333	736
ITEM	2002	960	1138
ITEM	2003	643	979
ITEM	2004	558	923
ITEM	2005	463	853
ITEM	2006	664	992
ITEM	2007	219	606
ITEM	2008	882	1105
ITEM	2009	7	111
ITEM	2010	489	873
ITEM	2011	363	766
ITEM	2012	604	954
ITEM	2013	324	727
ITEM	2014	246	640
ITEM	2015	493	876
ITEM	2016	439	833
ITEM	2017	868	1099
ITEM	2018	280	680
ITEM	2019	950	1134
ITEM	2020	715	1021
ITEM	2021	106	428
ITEM	2022	339	742
ITEM	2023	543	913
ITEM	2024	365	767
ITEM	2025	664	992
ITEM	2026	767	1049
ITEM	2027	76	364
ITEM	2028	965	1140
ITEM	2029	345	748
ITEM	2030	71	352
ITEM	2031	774	1053
ITEM	2032	88	391
ITEM	2033	180	552
ITEM	2034	393	793
ITEM	2035	2	59
ITEM	2036	768	1050
ITEM	2037	173	542
ITEM	2038	907	1116
ITEM	2039	195	574
ITEM	2040	347	750
ITEM	2041	885	1106
ITEM	2042	682	1002
ITEM	2043	389	790
ITEM	2044	482	868
ITEM	2045	524	899
ITEM	2046	35	248
ITEM	2047	283	683
ITEM	2048	608	957
ITEM	2049	698	1012
ITEM	2050	921	1122
ITEM	2051	215	601
ITEM	2052	626	968
ITEM	2053	467	856
ITEM	2054	364	766
ITEM	2055	970	1142
ITEM	2056	97	410
ITEM	2057	887	1107
ITEM	2058	486	871
ITEM	2059	829	1080
ITEM	2060	733	1031
ITEM	2061	660	989
ITEM	2062	155	514
ITEM	2063	755	1043
ITEM	2064	457	848
ITEM	2065	85	384
ITEM	2066	777	1054
ITEM	2067	129	471
ITEM	2068	818	1075
ITEM	2069	935	1128
ITEM	2070	276	675
ITEM	2071	946	1133
ITEM	2072	37	255
ITEM	2073	438	832
ITEM	2074	786	1059
ITEM	2075	861	1095
ITEM	2076	478	865
ITEM	2077	4	84
ITEM	2078	81	375
ITEM	2079	18	178
ITEM	2080	802	1067
ITEM	2081	869	1099
ITEM	2082	289	690
ITEM	2083	42	271
ITEM	2084	615	961
ITEM	2085	291	692
ITEM	2086	910	1117
ITEM	2087	109	434
ITEM	2088	865	1097
ITEM	2089	479	865
ITEM	2090	664	992
ITEM	2091	515	893
ITEM	2092	783	1058
ITEM	2093	888	1108
ITEM	2094	223	611
ITEM	2095	624	967
ITEM	2096	650	983
ITEM	2097	61	326
ITEM	2098	328	731
ITEM	2099	623	966
ITEM	2100	160	522
ITEM	2101	641	978
ITEM	2102	351	754
ITEM	2103	980	1146
ITEM	2104	677	999
ITEM	2105	748	1039
ITEM	2106	808	1070
ITEM	2107	10	133
ITEM	2108	147	501
ITEM	2109	350	753
ITEM	2110	876	1102
ITEM	2111	466	855
ITEM	2112	970	1142
ITEM	2113	784	1058
ITEM	2114	430	825
ITEM	2115	547	916
ITEM	2116	589	944
ITEM	2117	108	432
ITEM	2118	635	974
ITEM	2119	235	627
ITEM	2120	96	408
ITEM	2121	411	809
ITEM	2122	634	973
ITEM	2123	380	781
ITEM	2124	624	967
ITEM	2125	755	1043
ITEM	2126	346	749
ITEM	2127	413	811
ITEM	2128	820	1076
ITEM	2129	898	1112
ITEM	2130	921	1122
ITEM	2131	113	441
ITEM	2132	156	516
ITEM	2133	459	849
ITEM	2134	868	1099
ITEM	2135	337	740
ITEM	2136	394	794
ITEM	2137	679	1001
ITEM	2138	411	809
ITEM	2139	99	414
ITEM	2140	951	1135
ITEM	2141	426	822
ITEM	2142	73	356
ITEM	2143	925	1124
ITEM	2144	468	857
ITEM	2145	624	967
ITEM	2146	44	278
ITEM	2147	875	1102
ITEM	2148	361	764
ITEM	2149	729	1029
ITEM	2150	354	757
ITEM	2151	155	514
ITEM	2152	621	965
ITEM	2153	437	831
ITEM	2154	387	788
ITEM	2155	705	1016
ITEM	2156	670	995
ITEM	2157	266	664
ITEM	2158	755	1043
ITEM	2159	685	1004
ITEM	2160	524	899
ITEM	2161	171	539
ITEM	2162	83	380
ITEM	2163	261	658
ITEM	2164	71	352
ITEM	2165	844	1088
ITEM	2166	720	1024
ITEM	2167	590	945
ITEM	2168	725	1027
ITEM	2169	872	1101
ITEM	2170	913	1119
ITEM	2171	423	820
ITEM	2172	256	652
ITEM	2173	382	783
ITEM	2174	477	864
ITEM	2175	223	611
ITEM	2176	58	318
ITEM	2177	355	758
ITEM	2178	489	873
ITEM	2179	203	585
ITEM	2180	649	983
ITEM	2181	248	643
ITEM	2182	39	262
ITEM	2183	204	586
ITEM	2184	680	1001
ITEM	2185	92	399
ITEM	2186	569	931
ITEM	2187	797	1065
ITEM	2188	241	634
ITEM	2189	712	1020
ITEM	2190	833	1082
ITEM	2191	536	908
ITEM	2192	729	1029
ITEM	2193	234	625
ITEM	2194	2	59
ITEM	2195	759	1045
ITEM	2196	76	364
ITEM	2197	529	903
ITEM	2198	956	1137
ITEM	2199	841	1086
ITEM	2200	611	959
ITEM	2201	754	1042
ITEM	2202	289	690
ITEM	2203	307	709
ITEM	2204	337	740
ITEM	2205	647	981
ITEM	2206	52	302
ITEM	2207	721	1025
ITEM	2208	908	1117
ITEM	2209	722	1025
ITEM	2210	779	1056
ITEM	2211	740	1035
ITEM	2212	78	368
ITEM	2213	39	262
ITEM	2214	816	1074
ITEM	2215	252	647
ITEM	2216	917	1120
ITEM	2217	691	1008
ITEM	2218	484	869
ITEM	2219	998	1153
ITEM	2220	565	928
ITEM	2221	660	989
ITEM	2222	122	458
ITEM	2223	592	946
ITEM	2224	806	1069
ITEM	2225	223	611
ITEM	2226	519	896
ITEM	2227	332	735
ITEM	2228	250	645
ITEM	2229	528	902
ITEM	2230	782	1057
ITEM	2231	723	1026
ITEM	2232	400	800
ITEM	2233	531	904
ITEM	2234	170	537
ITEM	2235	107	430
ITEM	2236	374	776
ITEM	2237	930	1126
ITEM	2238	917	1120
ITEM	2239	312	715
ITEM	2240	593	947
ITEM	2241	251	646
ITEM	2242	585	942
ITEM	2243	725	1027
ITEM	2244	181	554
ITEM	2245	758	1045
ITEM	2246	968	1142
ITEM	2247	698	1012
ITEM	2248	383	784
ITEM	2249	330	733
ITEM	2250	90	395
ITEM	2251	682	1002
ITEM	2252	773	1052
ITEM	2253	963	1140
ITEM	2254	320	723
ITEM	2255	11	139
ITEM	2256	531	904
ITEM	2257	55	310
ITEM	2258	132	476
ITEM	2259	735	1032
ITEM	2260	579	938
ITEM	2261	137	484
ITEM	2262	559	924
ITEM	2263	403	802
ITEM	2264	845	1088
ITEM	2265	191	568
ITEM	2266	843	1087
ITEM	2267	212	597
ITEM	2268	452	844
ITEM	2269	223	611
ITEM	2270	348	751
ITEM	2271	418	815
ITEM	2272	93	401
ITEM	2273	249	644
ITEM	2274	232	623
ITEM	2275	429	825
ITEM	2276	395	795
ITEM	2277	341	744
ITEM	2278	936	1128
ITEM	2279	473	861
ITEM	2280	536	908
ITEM	2281	889	1108
ITEM	2282	4	84
ITEM	2283	250	645
ITEM	2284	906	1116
ITEM	2285	752	1041
ITEM	2286	280	680
ITEM	2287	480	866
ITEM	2288	90	395
ITEM	2289	430	825
ITEM	2290	997	1153
ITEM	2291	754	1042
ITEM	2292	952	1135
ITEM	2293	935	1128
ITEM	2294	804	1068
ITEM	2295	577	936
ITEM	2296	108	432
ITEM	2297	501	882
ITEM	2298	252	647
ITEM	2299	40	265
ITEM	2300	564	928
ITEM	2301	798	1065
ITEM	2302	777	1054
ITEM	2303	993	1151
ITEM	2304	795	1064
ITEM	2305	807	1070
ITEM	2306	704	1015
ITEM	2307	154	513
ITEM	2308	64	334
ITEM	2309	6	103
ITEM	2310	315	718
ITEM	2311	40	265
ITEM	2312	239	632
ITEM	2313	26	214
ITEM	2314	496	878
ITEM	2315	138	486
ITEM	2316	910	1117
ITEM	2317	440	834
ITEM	2318	12	145
ITEM	2319	221	609
ITEM	2320	72	354
ITEM	2321	827	1079
ITEM	2322	924	1123
ITEM	2323	206	589
ITEM	2324	167	533
ITEM	2325	780	1056
ITEM	2326	193	571
ITEM	2327	472	860
ITEM	2328	756	1044
ITEM	2329	13	151
ITEM	2330	998	1153
ITEM	2331	42	271
ITEM	2332	609	958
ITEM	2333	210	594
ITEM	2334	792	1062
ITEM	2335	524	899
ITEM	2336	493	876
ITEM	2337	795	1064
ITEM	2338	640	977
ITEM	2339	233	624
ITEM	2340	438	832
ITEM	2341	253	649
ITEM	2342	858	1094
ITEM	2343	391	791
ITEM	2344	762	1047
ITEM	2345	183	557
ITEM	2346	496	878
ITEM	2347	813	1073
ITEM	2348	635	974
ITEM	2349	722	1025
ITEM	2350	683	1003
ITEM	2351	984	1148
ITEM	2352	473	861
ITEM	2353	506	886
ITEM	2354	379	780
ITEM	2355	940	1130
ITEM	2356	927	1125
ITEM	2357	811	1072
ITEM	2358	554	921
ITEM	2359	848	1089
ITEM	2360	760	1046
ITEM	2361	57	316
ITEM	2362	335	738
ITEM	2363	701	1013
ITEM	2364	391	791
ITEM	2365	294	695
ITEM	2366	137	484
ITEM	2367	27	218
ITEM	2368	386	787
ITEM	2369	864	1097
ITEM	2370	333	736
ITEM	2371	31	233
ITEM	2372	674	998
ITEM	2373	861	1095
ITEM	2374	473	861
ITEM	2375	52	302
ITEM	2376	780	1056
ITEM	2377	580	938
ITEM	2378	586	942
ITEM	2379	771	1051
ITEM	2380	840	1086
ITEM	2381	575	935
ITEM	2382	615	961
ITEM	2383	52	302
ITEM	2384	696	1010
ITEM	2385	510	889
ITEM	2386	486	871
ITEM	2387	837	1084
ITEM	2388	842	1087
ITEM	2389	450	842
ITEM	2390	876	1102
ITEM	2391	995	1152
ITEM	2392	500	881
ITEM	2393	746	1038
ITEM	2394	176	546
ITEM	2395	528	902
ITEM	2396	623	966
ITEM	2397	166	531
ITEM	2398	712	1020
ITEM	2399	51	299
ITEM	2400	79	371
ITEM	2401	446	839
ITEM	2402	737	1033
ITEM	2403	943	1131
ITEM	2404	835	1083
ITEM	2405	894	1110
ITEM	2406	224	613
ITEM	2407	78	368
ITEM	2408	376	778
ITEM	2409	222	610
ITEM	2410	8	119
ITEM	2411	541	911
ITEM	2412	189	565
ITEM	2413	254	650
ITEM	2414	286	687
ITEM	2415	238	630
ITEM	2416	550	918
ITEM	2417	662	991
ITEM	2418	26	214
ITEM	2419	809	1071
ITEM	2420	427	823
ITEM	2421	400	800
ITEM	2422	300	702
ITEM	2423	734	1032
ITEM	2424	762	1047
ITEM	2425	974	1144
ITEM	2426	90	395
ITEM	2427	68	344
ITEM	2428	920	1122
ITEM	2429	225	614
ITEM	2430	576	936
ITEM	2431	674	998
ITEM	2432	586	942
ITEM	2433	757	1044
ITEM	2434	458	849
ITEM	2435	396	796
ITEM	2436	889	1108
ITEM	2437	693	1009
ITEM	2438	334	737
ITEM	2439	56	313
ITEM	2440	39	262
ITEM	2441	893	1110
ITEM	2442	658	988
ITEM	2443	682	1002
ITEM	2444	253	649
ITEM	2445	298	700
ITEM	2446	333	736
ITEM	2447	888	1108
ITEM	2448	250	645
ITEM	2449	567	930
ITEM	2450	432	827
ITEM	2451	796	1064
ITEM	2452	106	428
ITEM	2453	643	979
ITEM	2454	126	465
ITEM	2455	419	816
ITEM	2456	738	1034
ITEM	2457	416	814
ITEM	2458	302	704
ITEM	2459	896	1111
ITEM	2460	808	1070
ITEM	2461	148	503
ITEM	2462	941	1131
ITEM	2463	507	887
ITEM	2464	322	725
ITEM	2465	791	1062
ITEM	2466	761	1046
ITEM	2467	849	1090
ITEM	2468	711	1019
ITEM	2469	884	1106
ITEM	2470	178	549
ITEM	2471	105	426
ITEM	2472	664	992
ITEM	2473	158	519
ITEM	2474	90	395
ITEM	2475	786	1059
ITEM	2476	509	888
ITEM	2477	527	901
ITEM	2478	545	914
ITEM	2479	877	1103
ITEM	2480	418	815
ITEM	2481	612	959
ITEM	2482	799	1066
ITEM	2483	774	1053
ITEM	2484	206	589
ITEM	2485	445	838
ITEM	2486	809	1071
ITEM	2487	932	1127
ITEM	2488	24	205
ITEM	2489	528	902
ITEM	2490	693	1009
ITEM	2491	619	964
ITEM	2492	715	1021
ITEM	2493	896	1111
ITEM	2494	175	545
ITEM	2495	692	1008
ITEM	2496	115	445
ITEM	2497	326	729
ITEM	2498	566	929
ITEM	2499	792	1062
ITEM	2500	84	382
ITEM	2501	371	773
ITEM	2502	290	691
ITEM	2503	875	1102
ITEM	2504	550	918
ITEM	2505	364	766
ITEM	2506	512	890
ITEM	2507	476	863
ITEM	2508	340	743
ITEM	2509	43	274
ITEM	2510	871	1100
ITEM	2511	614	961
ITEM	2512	80	373
ITEM	2513	963	1140
ITEM	2514	873	1101
ITEM	2515	748	1039
ITEM	2516	961	1139
ITEM	2517	351	754
ITEM	2518	961	1139
ITEM	2519	691	1008
ITEM	2520	625	968
ITEM	2521	548	916
ITEM	2522	800	1066
ITEM	2523	876	1102
ITEM	2524	978	1146
ITEM	2525	711	1019
ITEM	2526	806	1069
ITEM	2527	902	1114
ITEM	2528	193	571
ITEM	2529	918	1121
ITEM	2530	448	840
ITEM	2531	744	1037
ITEM	2532	695	1010
ITEM	2533	341	744
ITEM	2534	360	763
ITEM	2535	546	915
ITEM	2536	407	806
ITEM	2537	640	977
ITEM	2538	790	1061
ITEM	2539	404	803
ITEM	2540	34	244
ITEM	2541	225	614
ITEM	2542	414	812
ITEM	2543	36	251
ITEM	2544	671	996
ITEM	2545	569	931
ITEM	2546	59	321
ITEM	2547	754	1042
ITEM	2548	513	891
ITEM	2549	190	567
ITEM	2550	349	752
ITEM	2551	640	977
ITEM	2552	953	1136
ITEM	2553	495	878
ITEM	2554	817	1075
ITEM	2555	334	737
ITEM	2556	840	1086
ITEM	2557	115	445
ITEM	2558	515	893
ITEM	2559	341	744
ITEM	2560	194	572
ITEM	2561	907	1116
ITEM	2562	641	978
ITEM	2563	257	653
ITEM	2564	138	486
ITEM	2565	263	660
ITEM	2566	235	627
ITEM	2567	830	1081
ITEM	2568	347	750
ITEM	2569	894	1110
ITEM	2570	446	839
ITEM	2571	256	652
ITEM	2572	788	1060
ITEM	2573	739	1034
ITEM	2574	435	830
ITEM	2575	614	961
ITEM	2576	31	233
ITEM	2577	160	522
ITEM	2578	419	816
ITEM	2579	859	1095
ITEM	2580	909	1117
ITEM	2581	70	349
ITEM	2582	898	1112
ITEM	2583	258	655
ITEM	2584	822	1077
ITEM	2585	168	534
ITEM	2586	594	948
ITEM	2587	696	1010
ITEM	2588	449	841
ITEM	2589	912	1118
ITEM	2590	139	488
ITEM	2591	746	1038
ITEM	2592	162	525
ITEM	2593	414	812
ITEM	2594	34	244
ITEM	2595	916	1120
ITEM	2596	912	1118
ITEM	2597	886	1107
ITEM	2598	915	1120
ITEM	2599	972	1143
ITEM	2600	889	1108
ITEM	2601	819	1076
ITEM	2602	657	988
ITEM	2603	747	1039
ITEM	2604	703	1014
ITEM	2605	529	903
ITEM	2606	349	752
ITEM	2607	350	753
ITEM	2608	406	805
ITEM	2609	246	640
ITEM	2610	669	995
ITEM	2611	163	527
ITEM	2612	102	420
ITEM	2613	381	782
ITEM	2614	687	1005
ITEM	2615	554	921
ITEM	2616	457	848
ITEM	2617	149	504
ITEM	2618	636	975
ITEM	2619	691	1008
ITEM	2620	861	1095
ITEM	2621	188	564
ITEM	2622	674	998
ITEM	2623	383	784
ITEM	2624	545	914
ITEM	2625	340	743
ITEM	2626	172	540
ITEM	2627	335	738
ITEM	2628	426	822
ITEM	2629	240	633
ITEM	2630	560	925
ITEM	2631	745	1038
ITEM	2632	961	1139
ITEM	2633	884	1106
ITEM	2634	258	655
ITEM	2635	625	968
ITEM	2636	788	1060
ITEM	2637	820	1076
ITEM	2638	730	1030
ITEM	2639	774	1053
ITEM	2640	448	840
ITEM	2641	119	453
ITEM	2642	183	557
ITEM	2643	795	1064
ITEM	2644	952	1135
ITEM	2645	793	1063
ITEM	2646	954	1136
ITEM	2647	68	344
ITEM	2648	486	871
ITEM	2649	800	1066
ITEM	2650	106	428
ITEM	2651	84	382
ITEM	2652	35	248
ITEM	2653	309	711
ITEM	2654	270	669
ITEM	2655	49	293
ITEM	2656	199	579
ITEM	2657	368	770
ITEM	2658	256	652
ITEM	2659	159	520
ITEM	2660	991	1151
ITEM	2661	637	975
ITEM	2662	485	870
ITEM	2663	455	846
ITEM	2664	894	1110
ITEM	2665	345	748
ITEM	2666	740	1035
ITEM	2667	669	995
ITEM	2668	957	1137
ITEM	2669	120	454
ITEM	2670	305	707
ITEM	2671	952	1135
ITEM	2672	217	604
ITEM	2673	855	1093
ITEM	2674	989	1150
ITEM	2675	918	1121
ITEM	2676	224	613
ITEM	2677	260	657
ITEM	2678	91	397
ITEM	2679	872	1101
ITEM	2680	945	1132
ITEM	2681	266	664
ITEM	2682	824	1078
ITEM	2683	668	994
ITEM	2684	840	1086
ITEM	2685	922	1123
ITEM	2686	233	624
ITEM	2687	75	361
ITEM	2688	387	788
ITEM	2689	961	1139
ITEM	2690	144	496
ITEM	2691	65	337
ITEM	2692	827	1079
ITEM	2693	670	995
ITEM	2694	159	520
ITEM	2695	941	1131
ITEM	2696	426	822
ITEM	2697	234	625
ITEM	2698	249	644
ITEM	2699	687	1005
ITEM	2700	29	226
ITEM	2701	217	604
ITEM	2702	960	1138
ITEM	2703	479	865
ITEM	2704	178	549
ITEM	2705	306	708
ITEM	2706	775	1053
ITEM	2707	723	1026
ITEM	2708	592	946
ITEM	2709	15	162
ITEM	2710	647	981
ITEM	2711	568	930
ITEM	2712	275	674
ITEM	2713	471	859
ITEM	2714	262	659
ITEM	2715	270	669
ITEM	2716	50	296
ITEM	2717	957	1137
ITEM	2718	28	222
ITEM	2719	321	724
ITEM	2720	776	1054
ITEM	2721	367	769
ITEM	2722	350	753
ITEM	2723	762	1047
ITEM	2724	58	318
ITEM	2725	213	598
ITEM	2726	211	596
ITEM	2727	569	931
ITEM	2728	704	1015
ITEM	2729	369	771
ITEM	2730	588	944
ITEM	2731	523	899
ITEM	2732	733	1031
ITEM	2733	180	552
ITEM	2734	737	1033
ITEM	2735	479	865
ITEM	2736	202	583
ITEM	2737	109	434
ITEM	2738	881	1105
ITEM	2739	434	829
ITEM	2740	632	972
ITEM	2741	572	933
ITEM	2742	328	731
ITEM	2743	291	692
ITEM	2744	325	728
ITEM	2745	121	456
ITEM	2746	554	921
ITEM	2747	744	1037
ITEM	2748	344	747
ITEM	2749	624	967
ITEM	2750	273	672
ITEM	2751	178	549
ITEM	2752	442	836
ITEM	2753	610	958
ITEM	2754	44	278
ITEM	2755	990	1150
ITEM	2756	716	1022
ITEM	2757	421	818
ITEM	2758	424	820
ITEM	2759	240	633
ITEM	2760	277	677
ITEM	2761	345	748
ITEM	2762	216	602
ITEM	2763	46	284
ITEM	2764	701	1013
ITEM	2765	360	763
ITEM	2766	832	1082
ITEM	2767	612	959
ITEM	2768	567	930
ITEM	2769	682	1002
ITEM	2770	306	708
ITEM	2771	307	709
ITEM	2772	830	1081
ITEM	2773	729	1029
ITEM	2774	996	1153
ITEM	2775	706	1016
ITEM	2776	348	751
ITEM	2777	705	1016
ITEM	2778	485	870
ITEM	2779	981	1147
ITEM	2780	308	710
ITEM	2781	414	812
ITEM	2782	744	1037
ITEM	2783	571	932
ITEM	2784	864	1097
ITEM	2785	499	881
ITEM	2786	52	302
ITEM	2787	518	895
ITEM	2788	739	1034
ITEM	2789	733	1031
ITEM	2790	738	1034
ITEM	2791	385	786
ITEM	2792	102	420
ITEM	2793	541	911
ITEM	2794	249	644
ITEM	2795	163	527
ITEM	2796	473	861
ITEM	2797	390	791
ITEM	2798	599	951
ITEM	2799	65	337
ITEM	2800	956	1137
ITEM	2801	222	610
ITEM	2802	706	1016
ITEM	2803	628	970
ITEM	2804	577	936
ITEM	2805	562	926
ITEM	2806	667	994
ITEM	2807	8	119
ITEM	2808	5	94
ITEM	2809	490	874
ITEM	2810	500	881
ITEM	2811	898	1112
ITEM	2812	436	831
ITEM	2813	100	416
ITEM	2814	373	775
ITEM	2815	952	1135
ITEM	2816	929	1126
ITEM	2817	623	966
ITEM	2818	857	1094
ITEM	2819	149	504
ITEM	2820	971	1143
ITEM	2821	865	1097
ITEM	2822	248	643
ITEM	2823	965	1140
ITEM	2824	544	914
ITEM	2825	116	447
ITEM	2826	459	849
ITEM	2827	806	1069
ITEM	2828	493	876
ITEM	2829	183	557
ITEM	2830	549	917
ITEM	2831	559	924
ITEM	2832	459	849
ITEM	2833	709	1018
ITEM	2834	389	790
ITEM	2835	715	1021
ITEM	2836	169	536
ITEM	2837	430	825
ITEM	2838	516	893
ITEM	2839	928	1125
ITEM	2840	362	765
ITEM	2841	528	902
ITEM	2842	699	1012
ITEM	2843	446	839
ITEM	2844	125	463
ITEM	2845	736	1033
ITEM	2846	248	643
ITEM	2847	309	711
ITEM	2848	932	1127
ITEM	2849	352	755
ITEM	2850	599	951
ITEM	2851	716	1022
ITEM	2852	163	527
ITEM	2853	817	1075
ITEM	2854	206	589
ITEM	2855	475	862
ITEM	2856	373	775
ITEM	2857	11	139
ITEM	2858	273	672
ITEM	2859	942	1131
ITEM	2860	115	445
ITEM	2861	933	1127
ITEM	2862	348	751
ITEM	2863	345	748
ITEM	2864	573	934
ITEM	2865	906	1116
ITEM	2866	324	727
ITEM	2867	916	1120
ITEM	2868	811	1072
ITEM	2869	973	1144
ITEM	2870	874	1101
ITEM	2871	722	1025
ITEM	2872	893	1110
ITEM	2873	649	983
ITEM	2874	837	1084
ITEM	2875	607	956
ITEM	2876	680	1001
ITEM	2877	657	988
ITEM	2878	613	960
ITEM	2879	157	517
ITEM	2880	571	932
ITEM	2881	838	1085
ITEM	2882	71	352
ITEM	2883	83	380
ITEM	2884	969	1142
ITEM	2885	869	1099
ITEM	2886	22	197
ITEM	2887	939	1130
ITEM	2888	763	1047
ITEM	2889	948	1133
ITEM	2890	776	1054
ITEM	2891	568	930
ITEM	2892	595	948
ITEM	2893	117	449
ITEM	2894	818	1075
ITEM	2895	205	588
ITEM	2896	201	582
ITEM	2897	353	756
ITEM	2898	135	481
ITEM	2899	612	959
ITEM	2900	611	959
ITEM	2901	112	439
ITEM	2902	227	616
ITEM	2903	181	554
ITEM	2904	476	863
ITEM	2905	466	855
ITEM	2906	328	731
ITEM	2907	394	794
ITEM	2908	313	716
ITEM	2909	479	865
ITEM	2910	869	1099
ITEM	2911	545	914
ITEM	2912	952	1135
ITEM	2913	14	157
ITEM	2914	726	1027
ITEM	2915	148	503
ITEM	2916	955	1136
ITEM	2917	583	940
ITEM	2918	260	657
ITEM	2919	912	1118
ITEM	2920	298	700
ITEM	2921	430	825
ITEM	2922	708	1017
ITEM	2923	714	1021
ITEM	2924	98	412
ITEM	2925	490	874
ITEM	2926	937	1129
ITEM	2927	453	845
ITEM	2928	651	984
ITEM	2929	374	776
ITEM	2930	99	414
ITEM	2931	214	600
ITEM	2932	586	942
ITEM	2933	50	296
ITEM	2934	217	604
ITEM	2935	628	970
ITEM	2936	398	798
ITEM	2937	372	774
ITEM	2938	238	630
ITEM	2939	850	1090
ITEM	2940	142	493
ITEM	2941	101	418
ITEM	2942	574	934
ITEM	2943	52	302
ITEM	2944	587	943
ITEM	2945	594	948
ITEM	2946	672	996
ITEM	2947	835	1083
ITEM	2948	587	943
ITEM	2949	802	1067
ITEM	2950	641	978
ITEM	2951	483	868
ITEM	2952	966	1141
ITEM	2953	742	1036
ITEM	2954	466	855
ITEM	2955	438	832
ITEM	2956	695	1010
ITEM	2957	92	399
ITEM	2958	842	1087
ITEM	2959	934	1128
ITEM	2960	638	976
ITEM	2961	74	359
ITEM	2962	154	513
ITEM	2963	164	528
ITEM	2964	658	988
ITEM	2965	270	669
ITEM	2966	645	980
ITEM	2967	914	1119
ITEM	2968	348	751
ITEM	2969	543	913
ITEM	2970	294	695
ITEM	2971	52	302
ITEM	2972	189	565
ITEM	2973	701	1013
ITEM	2974	439	833
ITEM	2975	788	1060
ITEM	2976	395	795
ITEM	2977	73	356
ITEM	2978	671	996
ITEM	2979	104	424
ITEM	2980	243	636
ITEM	2981	651	984
ITEM	2982	41	268
ITEM	2983	268	666
ITEM	2984	162	525
ITEM	2985	949	1134
ITEM	2986	103	422
ITEM	2987	832	1082
ITEM	2988	363	766
ITEM	2989	243	636
ITEM	2990	823	1077
ITEM	2991	24	205
ITEM	2992	284	684
ITEM	2993	338	741
ITEM	2994	890	1109
ITEM	2995	937	1129
ITEM	2996	655	986
ITEM	2997	536	908
ITEM	2998	464	853
ITEM	2999	424	820
ITEM	3000	427	823
ITEM	3001	935	1128
ITEM	3002	877	1103
ITEM	3003	107	430
ITEM	3004	385	786
ITEM	3005	739	1034
ITEM	3006	335	738
ITEM	3007	397	797
ITEM	3008	699	1012
ITEM	3009	728	1028
ITEM	3010	145	498
ITEM	3011	945	1132
ITEM	3012	202	583
ITEM	3013	535	907
ITEM	3014	495	878
ITEM	3015	419	816
ITEM	3016	687	1005
ITEM	3017	898	1112
ITEM	3018	328	731
ITEM	3019	19	183
ITEM	3020	984	1148
ITEM	3021	542	912
ITEM	3022	328	731
ITEM	3023	631	972
ITEM	3024	117	449
ITEM	3025	836	1084
ITEM	3026	558	923
ITEM	3027	37	255
ITEM	3028	311	714
ITEM	3029	896	1111
ITEM	3030	788	1060
ITEM	3031	73	356
ITEM	3032	137	484
ITEM	3033	285	685
ITEM	3034	24	205
ITEM	3035	151	508
ITEM	3036	566	929
ITEM	3037	957	1137
ITEM	3038	287	688
ITEM	3039	49	293
ITEM	3040	230	620
ITEM	3041	617	963
ITEM	3042	169	536
ITEM	3043	377	779
ITEM	3044	653	985
ITEM	3045	140	490
ITEM	3046	193	571
ITEM	3047	616	962
ITEM	3048	748	1039
ITEM	3049	217	604
ITEM	3050	507	887
ITEM	3051	151	508
ITEM	3052	348	751
ITEM	3053	872	1101
ITEM	3054	960	1138
ITEM	3055	193	571
ITEM	3056	69	347
ITEM	3057	13	151
ITEM	3058	60	324
ITEM	3059	2	59
ITEM	3060	268	666
ITEM	3061	677	999
ITEM	3062	883	1106
ITEM	3063	308	710
ITEM	3064	389	790
ITEM	3065	113	441
ITEM	3066	428	824
ITEM	3067	354	757
ITEM	3068	475	862
ITEM	3069	378	780
ITEM	3070	477	864
ITEM	3071	451	843
ITEM	3072	126	465
ITEM	3073	578	937
ITEM	3074	477	864
ITEM	3075	453	845
ITEM	3076	690	1007
ITEM	3077	435	830
ITEM	3078	479	865
ITEM	3079	70	349
ITEM	3080	958	1138
ITEM	3081	316	719
ITEM	3082	661	990
ITEM	3083	413	811
ITEM	3084	150	506
ITEM	3085	397	797
ITEM	3086	479	865
ITEM	3087	681	1002
ITEM	3088	482	868
ITEM	3089	101	418
ITEM	3090	958	1138
ITEM	3091	398	798
ITEM	3092	73	356
ITEM	3093	486	871
ITEM	3094	174	543
ITEM	3095	106	428
ITEM	3096	500	881
ITEM	3097	718	1023
ITEM	3098	439	833
ITEM	3099	918	1121
ITEM	3100	759	1045
ITEM	3101	305	707
ITEM	3102	243	636
ITEM	3103	838	1085
ITEM	3104	930	1126
ITEM	3105	233	624
ITEM	3106	458	849
ITEM	3107	256	652
ITEM	3108	314	717
ITEM	3109	669	995
ITEM	3110	857	1094
ITEM	3111	526	901
ITEM	3112	338	741
ITEM	3113	386	787
ITEM	3114	469	857
ITEM	3115	22	197
ITEM	3116	993	1151
ITEM	3117	561	925
ITEM	3118	803	1068
ITEM	3119	595	948
ITEM	3120	101	418
ITEM	3121	111	438
ITEM	3122	470	858
ITEM	3123	825	1078
ITEM	3124	179	551
ITEM	3125	215	601
ITEM	3126	240	633
ITEM	3127	976	1145
ITEM	3128	193	571
ITEM	3129	182	555
ITEM	3130	64	334
ITEM	3131	72	354
ITEM	3132	975	1144
ITEM	3133	324	727
ITEM	3134	79	371
ITEM	3135	975	1144
ITEM	3136	590	945
ITEM	3137	983	1148
ITEM	3138	155	514
ITEM	3139	901	1113
ITEM	3140	429	825
ITEM	3141	372	774
ITEM	3142	984	1148
ITEM	3143	259	656
ITEM	3144	313	716
ITEM	3145	397	797
ITEM	3146	264	662
ITEM	3147	226	615
ITEM	3148	384	785
ITEM	3149	89	393
ITEM	3150	2	59
ITEM	3151	969	1142
ITEM	3152	79	371
ITEM	3153	834	1083
ITEM	3154	467	856
ITEM	3155	912	1118
ITEM	3156	945	1132
ITEM	3157	34	244
ITEM	3158	820	1076
ITEM	3159	960	1138
ITEM	3160	596	949
ITEM	3161	367	769
ITEM	3162	964	1140
ITEM	3163	81	375
ITEM	3164	583	940
ITEM	3165	302	704
ITEM	3166	637	975
ITEM	3167	163	527
ITEM	3168	464	853
ITEM	3169	10	133
ITEM	3170	272	671
ITEM	3171	534	906
ITEM	3172	851	1091
ITEM	3173	357	760
ITEM	3174	676	999
ITEM	3175	73	356
ITEM	3176	715	1021
ITEM	3177	104	424
ITEM	3178	37	255
ITEM	3179	301	703
ITEM	3180	738	1034
ITEM	3181	989	1150
ITEM	3182	307	709
ITEM	3183	365	767
ITEM	3184	976	1145
ITEM	3185	844	1088
ITEM	3186	480	866
ITEM	3187	321	724
ITEM	3188	638	976
ITEM	3189	395	795
ITEM	3190	804	1068
ITEM	3191	627	969
ITEM	3192	245	639
ITEM	3193	918	1121
ITEM	3194	459	849
ITEM	3195	238	630
ITEM	3196	950	1134
ITEM	3197	385	786
ITEM	3198	723	1026
ITEM	3199	229	619
ITEM	3200	312	715
ITEM	3201	279	679
ITEM	3202	165	530
ITEM	3203	331	734
ITEM	3204	296	698
ITEM	3205	716	1022
ITEM	3206	903	1114
ITEM	3207	307	709
ITEM	3208	784	1058
ITEM	3209	41	268
ITEM	3210	435	830
ITEM	3211	559	924
ITEM	3212	375	777
ITEM	3213	550	918
ITEM	3214	102	420
ITEM	3215	879	1104
ITEM	3216	755	1043
ITEM	3217	496	878
ITEM	3218	694	1009
ITEM	3219	745	1038
ITEM	3220	430	825
ITEM	3221	33	241
ITEM	3222	243	636
ITEM	3223	81	375
ITEM	3224	83	380
ITEM	3225	258	655
ITEM	3226	523	899
ITEM	3227	870	1100
ITEM	3228	351	754
ITEM	3229	3	73
ITEM	3230	299	701
ITEM	3231	534	906
ITEM	3232	303	705
ITEM	3233	535	907
ITEM	3234	849	1090
ITEM	3235	500	881
ITEM	3236	391	791
ITEM	3237	824	1078
ITEM	3238	793	1063
ITEM	3239	828	1080
ITEM	3240	164	528
ITEM	3241	524	899
ITEM	3242	761	1046
ITEM	3243	340	743
ITEM	3244	522	898
ITEM	3245	341	744
ITEM	3246	928	1125
ITEM	3247	136	483
ITEM	3248	789	1061
ITEM	3249	925	1124
ITEM	3250	952	1135
ITEM	3251	907	1116
ITEM	3252	399	799
ITEM	3253	962	1139
ITEM	3254	342	745
ITEM	3255	957	1137
ITEM	3256	455	846
ITEM	3257	594	948
ITEM	3258	788	1060
ITEM	3259	331	734
ITEM	3260	964	1140
ITEM	3261	866	1098
ITEM	3262	487	871
ITEM	3263	971	1143
ITEM	3264	11	139
ITEM	3265	305	707
ITEM	3266	993	1151
ITEM	3267	282	682
ITEM	3268	667	994
ITEM	3269	335	738
ITEM	3270	629	970
ITEM	3271	36	251
ITEM	3272	906	1116
ITEM	3273	649	983
ITEM	3274	974	1144
ITEM	3275	17	173
ITEM	3276	312	715
ITEM	3277	212	597
ITEM	3278	483	868
ITEM	3279	296	698
ITEM	3280	855	1093
ITEM	3281	50	296
ITEM	3282	752	1041
ITEM	3283	564	928
ITEM	3284	529	903
ITEM	3285	478	865
ITEM	3286	463	853
ITEM	3287	419	816
ITEM	3288	118	451
ITEM	3289	915	1120
ITEM	3290	540	911
ITEM	3291	12	145
ITEM	3292	878	1103
ITEM	3293	965	1140
ITEM	3294	560	925
ITEM	3295	963	1140
ITEM	3296	418	815
ITEM	3297	897	1112
ITEM	3298	925	1124
ITEM	3299	946	1133
ITEM	3300	562	926
ITEM	3301	188	564
ITEM	3302	850	1090
ITEM	3303	863	1096
ITEM	3304	468	857
ITEM	3305	294	695
ITEM	3306	689	1006
ITEM	3307	994	1152
ITEM	3308	784	1058
ITEM	3309	295	696
ITEM	3310	620	965
ITEM	3311	45	281
ITEM	3312	136	483
ITEM	3313	568	930
ITEM	3314	249	644
ITEM	3315	500	881
ITEM	3316	712	1020
ITEM	3317	158	519
ITEM	3318	122	458
ITEM	3319	163	527
ITEM	3320	231	622
ITEM	3321	988	1150
ITEM	3322	724	1026
ITEM	3323	330	733
ITEM	3324	83	380
ITEM	3325	574	934
ITEM	3326	952	1135
ITEM	3327	463	853
ITEM	3328	910	1117
ITEM	3329	399	799
ITEM	3330	626	968
ITEM	3331	796	1064
ITEM	3332	420	817
ITEM	3333	599	951
ITEM	3334	54	307
ITEM	3335	770	1051
ITEM	3336	712	1020
ITEM	3337	120	454
ITEM	3338	178	549
ITEM	3339	704	1015
ITEM	3340	884	1106
ITEM	3341	5	94
ITEM	3342	350	753
ITEM	3343	605	955
ITEM	3344	224	613
ITEM	3345	960	1138
ITEM	3346	252	647
ITEM	3347	533	906
ITEM	3348	745	1038
ITEM	3349	862	1096
ITEM	3350	995	1152
ITEM	3351	418	815
ITEM	3352	361	764
ITEM	3353	364	766
ITEM	3354	938	1129
ITEM	3355	736	1033
ITEM	3356	479	865
ITEM	3357	246	640
ITEM	3358	249	644
ITEM	3359	957	1137
ITEM	3360	279	679
ITEM	3361	683	1003
ITEM	3362	736	1033
ITEM	3363	163	527
ITEM	3364	491	875
ITEM	3365	68	344
ITEM	3366	991	1151
ITEM	3367	751	1041
ITEM	3368	908	1117
ITEM	3369	567	930
ITEM	3370	369	771
ITEM	3371	614	961
ITEM	3372	464	853
ITEM	3373	36	251
ITEM	3374	839	1085
ITEM	3375	726	1027
ITEM	3376	114	443
ITEM	3377	486	871
ITEM	3378	230	620
ITEM	3379	514	892
ITEM	3380	331	734
ITEM	3381	730	1030
ITEM	3382	911	1118
ITEM	3383	943	1131
ITEM	3384	481	867
ITEM	3385	374	776
ITEM	3386	440	834
ITEM	3387	713	1020
ITEM	3388	870	1100
ITEM	3389	817	1075
ITEM	3390	197	577
ITEM	3391	463	853
ITEM	3392	727	1028
ITEM	3393	399	799
ITEM	3394	550	918
ITEM	3395	414	812
ITEM	3396	931	1126
ITEM	3397	376	778
ITEM	3398	570	932
ITEM	3399	330	733
ITEM	3400	734	1032
ITEM	3401	856	1093
ITEM	3402	847	1089
ITEM	3403	222	610
ITEM	3404	282	682
ITEM	3405	362	765
ITEM	3406	410	808
ITEM	3407	691	1008
ITEM	3408	208	592
ITEM	3409	188	564
ITEM	3410	305	707
ITEM	3411	320	723
ITEM	3412	79	371
ITEM	3413	181	554
ITEM	3414	857	1094
ITEM	3415	28	222
ITEM	3416	970	1142
ITEM	3417	131	474
ITEM	3418	142	493
ITEM	3419	772	1052
ITEM	3420	968	1142
ITEM	3421	402	801
ITEM	3422	697	1011
ITEM	3423	528	902
ITEM	3424	859	1095
ITEM	3425	981	1147
ITEM	3426	19	183
ITEM	3427	942	1131
ITEM	3428	804	1068
ITEM	3429	585	942
ITEM	3430	857	1094
ITEM	3431	563	927
ITEM	3432	270	669
ITEM	3433	991	1151
ITEM	3434	852	1091
ITEM	3435	56	313
ITEM	3436	1	42
ITEM	3437	243	636
ITEM	3438	540	911
ITEM	3439	313	716
ITEM	3440	317	720
ITEM	3441	890	1109
ITEM	3442	257	653
ITEM	3443	865	1097
ITEM	3444	506	886
ITEM	3445	920	1122
ITEM	3446	977	1145
ITEM	3447	494	877
ITEM	3448	613	960
ITEM	3449	528	902
ITEM	3450	611	959
ITEM	3451	458	849
ITEM	3452	389	790
ITEM	3453	399	799
ITEM	3454	804	1068
ITEM	3455	231	622
ITEM	3456	685	1004
ITEM	3457	642	978
ITEM	3458	750	1040
ITEM	3459	177	548
ITEM	3460	78	368
ITEM	3461	37	255
ITEM	3462	71	352
ITEM	3463	38	258
ITEM	3464	5	94
ITEM	3465	756	1044
ITEM	3466	281	681
ITEM	3467	675	998
ITEM	3468	194	572
ITEM	3469	215	601
ITEM	3470	866	1098
ITEM	3471	938	1129
ITEM	3472	654	986
ITEM	3473	197	577
ITEM	3474	522	898
ITEM	3475	91	397
ITEM	3476	33	241
ITEM	3477	929	1126
ITEM	3478	568	930
ITEM	3479	695	1010
ITEM	3480	602	953
ITEM	3481	240	633
ITEM	3482	74	359
ITEM	3483	346	749
ITEM	3484	659	989
ITEM	3485	489	873
ITEM	3486	733	1031
ITEM	3487	184	558
ITEM	3488	626	968
ITEM	3489	379	780
ITEM	3490	9	126
ITEM	3491	575	935
ITEM	3492	628	970
ITEM	3493	356	759
ITEM	3494	591	946
ITEM	3495	873	1101
ITEM	3496	835	1083
ITEM	3497	718	1023
ITEM	3498	686	1005
ITEM	3499	672	996
ITEM	3500	336	739
ITEM	3501	99	414
ITEM	3502	177	548
ITEM	3503	441	835
ITEM	3504	841	1086
ITEM	3505	495	878
ITEM	3506	192	570
ITEM	3507	971	1143
ITEM	3508	989	1150
ITEM	3509	473	861
ITEM	3510	87	388
ITEM	3511	514	892
ITEM	3512	535	907
ITEM	3513	725	1027
ITEM	3514	411	809
ITEM	3515	44	278
ITEM	3516	206	589
ITEM	3517	629	970
ITEM	3518	853	1092
ITEM	3519	528	902
ITEM	3520	504	884
ITEM	3521	967	1141
ITEM	3522	715	1021
ITEM	3523	626	968
ITEM	3524	237	629
ITEM	3525	449	841
ITEM	3526	949	1134
ITEM	3527	717	1022
ITEM	3528	60	324
ITEM	3529	222	610
ITEM	3530	276	675
ITEM	3531	667	994
ITEM	3532	810	1071
ITEM	3533	995	1152
ITEM	3534	423	820
ITEM	3535	231	622
ITEM	3536	906	1116
ITEM	3537	951	1135
ITEM	3538	15	162
ITEM	3539	511	890
ITEM	3540	609	958
ITEM	3541	98	412
ITEM	3542	145	498
ITEM	3543	366	768
ITEM	3544	417	814
ITEM	3545	218	605
ITEM	3546	160	522
ITEM	3547	188	564
ITEM	3548	368	770
ITEM	3549	63	332
ITEM	3550	688	1006
ITEM	3551	936	1128
ITEM	3552	551	919
ITEM	3553	964	1140
ITEM	3554	444	837
ITEM	3555	851	1091
ITEM	3556	591	946
ITEM	3557	501	882
ITEM	3558	836	1084
ITEM	3559	752	1041
ITEM	3560	388	789
ITEM	3561	397	797
ITEM	3562	918	1121
ITEM	3563	316	719
ITEM	3564	906	1116
ITEM	3565	285	685
ITEM	3566	707	1017
ITEM	3567	246	640
ITEM	3568	282	682
ITEM	3569	513	891
ITEM	3570	395	795
ITEM	3571	746	1038
ITEM	3572	34	244
ITEM	3573	632	972
ITEM	3574	509	888
ITEM	3575	199	579
ITEM	3576	656	987
ITEM	3577	740	1035
ITEM	3578	513	891
ITEM	3579	449	841
ITEM	3580	385	786
ITEM	3581	313	716
ITEM	3582	922	1123
ITEM	3583	612	959
ITEM	3584	404	803
ITEM	3585	711	1019
ITEM	3586	429	825
ITEM	3587	802	1067
ITEM	3588	285	685
ITEM	3589	982	1147
ITEM	3590	97	410
ITEM	3591	690	1007
ITEM	3592	931	1126
ITEM	3593	153	511
ITEM	3594	134	479
ITEM	3595	302	704
ITEM	3596	820	1076
ITEM	3597	633	973
ITEM	3598	288	689
ITEM	3599	955	1136
ITEM	3600	810	1071
ITEM	3601	911	1118
ITEM	3602	395	795
ITEM	3603	746	1038
ITEM	3604	310	713
ITEM	3605	184	558
ITEM	3606	104	424
ITEM	3607	490	874
ITEM	3608	71	352
ITEM	3609	90	395
ITEM	3610	322	725
ITEM	3611	527	901
ITEM	3612	408	807
ITEM	3613	183	557
ITEM	3614	392	792
ITEM	3615	293	694
ITEM	3616	106	428
ITEM	3617	326	729
ITEM	3618	559	924
ITEM	3619	62	329
ITEM	3620	819	1076
ITEM	3621	640	977
ITEM	3622	734	1032
ITEM	3623	773	1052
ITEM	3624	210	594
ITEM	3625	180	552
ITEM	3626	100	416
ITEM	3627	342	745
ITEM	3628	652	984
ITEM	3629	983	1148
ITEM	3630	583	940
ITEM	3631	361	764
ITEM	3632	736	1033
ITEM	3633	656	987
ITEM	3634	729	1029
ITEM	3635	608	957
ITEM	3636	391	791
ITEM	3637	143	495
ITEM	3638	11	139
ITEM	3639	247	641
ITEM	3640	884	1106
ITEM	3641	849	1090
ITEM	3642	92	399
ITEM	3643	153	511
ITEM	3644	490	874
ITEM	3645	758	1045
ITEM	3646	93	401
ITEM	3647	244	638
ITEM	3648	107	430
ITEM	3649	712	1020
ITEM	3650	379	780
ITEM	3651	245	639
ITEM	3652	599	951
ITEM	3653	506	886
ITEM	3654	906	1116
ITEM	3655	777	1054
ITEM	3656	151	508
ITEM	3657	950	1134
ITEM	3658	651	984
ITEM	3659	182	555
ITEM	3660	412	810
ITEM	3661	562	926
ITEM	3662	164	528
ITEM	3663	996	1153
ITEM	3664	713	1020
ITEM	3665	41	268
ITEM	3666	773	1052
ITEM	3667	462	852
ITEM	3668	137	484
ITEM	3669	181	554
ITEM	3670	465	854
ITEM	3671	12	145
ITEM	3672	724	1026
ITEM	3673	381	782
ITEM	3674	985	1148
ITEM	3675	90	395
ITEM	3676	593	947
ITEM	3677	404	803
ITEM	3678	175	545
ITEM	3679	265	663
ITEM	3680	262	659
ITEM	3681	551	919
ITEM	3682	91	397
ITEM	3683	999	1154
ITEM	3684	939	1130
ITEM	3685	891	1109
ITEM	3686	928	1125
ITEM	3687	8	119
ITEM	3688	87	388
ITEM	3689	716	1022
ITEM	3690	278	678
ITEM	3691	602	953
ITEM	3692	14	157
ITEM	3693	875	1102
ITEM	3694	761	1046
ITEM	3695	922	1123
ITEM	3696	799	1066
ITEM	3697	138	486
ITEM	3698	555	921
ITEM	3699	471	859
ITEM	3700	313	716
ITEM	3701	249	644
ITEM	3702	860	1095
ITEM	3703	855	1093
ITEM	3704	626	968
ITEM	3705	828	1080
ITEM	3706	820	1076
ITEM	3707	133	478
ITEM	3708	585	942
ITEM	3709	770	1051
ITEM	3710	945	1132
ITEM	3711	684	1004
ITEM	3712	833	1082
ITEM	3713	308	710
ITEM	3714	552	919
ITEM	3715	998	1153
ITEM	3716	57	316
ITEM	3717	388	789
ITEM	3718	271	670
ITEM	3719	302	704
ITEM	3720	754	1042
ITEM	3721	513	891
ITEM	3722	128	469
ITEM	3723	412	810
ITEM	3724	277	677
ITEM	3725	712	1020
ITEM	3726	258	655
ITEM	3727	736	1033
ITEM	3728	459	849
ITEM	3729	803	1068
ITEM	3730	761	1046
ITEM	3731	826	1079
ITEM	3732	591	946
ITEM	3733	582	940
ITEM	3734	744	1037
ITEM	3735	380	781
ITEM	3736	33	241
ITEM	3737	116	447
ITEM	3738	72	354
ITEM	3739	107	430
ITEM	3740	240	633
ITEM	3741	783	1058
ITEM	3742	866	1098
ITEM	3743	362	765
ITEM	3744	488	872
ITEM	3745	228	618
ITEM	3746	276	675
ITEM	3747	953	1136
ITEM	3748	79	371
ITEM	3749	873	1101
ITEM	3750	561	925
ITEM	3751	29	226
ITEM	3752	300	702
ITEM	3753	156	516
ITEM	3754	2	59
ITEM	3755	452	844
ITEM	3756	930	1126
ITEM	3757	142	493
ITEM	3758	696	1010
ITEM	3759	564	928
ITEM	3760	566	929
ITEM	3761	672	996
ITEM	3762	733	1031
ITEM	3763	752	1041
ITEM	3764	551	919
ITEM	3765	695	1010
ITEM	3766	823	1077
ITEM	3767	721	1025
ITEM	3768	792	1062
ITEM	3769	951	1135
ITEM	3770	872	1101
ITEM	3771	868	1099
ITEM	3772	236	628
ITEM	3773	655	986
ITEM	3774	558	923
ITEM	3775	691	1008
ITEM	3776	302	704
ITEM	3777	337	740
ITEM	3778	434	829
ITEM	3779	602	953
ITEM	3780	35	248
ITEM	3781	500	881
ITEM	3782	582	940
ITEM	3783	87	388
ITEM	3784	273	672
ITEM	3785	242	635
ITEM	3786	362	765
ITEM	3787	594	948
ITEM	3788	604	954
ITEM	3789	516	893
ITEM	3790	273	672
ITEM	3791	62	329
ITEM	3792	395	795
ITEM	3793	162	525
ITEM	3794	470	858
ITEM	3795	504	884
ITEM	3796	676	999
ITEM	3797	383	784
ITEM	3798	959	1138
ITEM	3799	542	912
ITEM	3800	157	517
ITEM	3801	821	1077
ITEM	3802	7	111
ITEM	3803	305	707
ITEM	3804	161	524
ITEM	3805	877	1103
ITEM	3806	797	1065
ITEM	3807	593	947
ITEM	3808	756	1044
ITEM	3809	444	837
ITEM	3810	851	1091
ITEM	3811	715	1021
ITEM	3812	864	1097
ITEM	3813	706	1016
ITEM	3814	274	673
ITEM	3815	908	1117
ITEM	3816	632	972
ITEM	3817	150	506
ITEM	3818	322	725
ITEM	3819	743	1037
ITEM	3820	840	1086
ITEM	3821	466	855
ITEM	3822	343	746
ITEM	3823	420	817
ITEM	3824	632	972
ITEM	3825	470	858
ITEM	3826	626	968
ITEM	3827	367	769
ITEM	3828	358	761
ITEM	3829	724	1026
ITEM	3830	169	536
ITEM	3831	41	268
ITEM	3832	789	1061
ITEM	3833	994	1152
ITEM	3834	922	1123
ITEM	3835	337	740
ITEM	3836	506	886
ITEM	3837	221	609
ITEM	3838	513	891
ITEM	3839	524	899
ITEM	3840	736	1033
ITEM	3841	137	484
ITEM	3842	11	139
ITEM	3843	96	408
ITEM	3844	410	808
ITEM	3845	209	593
ITEM	3846	733	1031
ITEM	3847	454	845
ITEM	3848	741	1036
ITEM	3849	39	262
ITEM	3850	653	985
ITEM	3851	833	1082
ITEM	3852	82	377
ITEM	3853	906	1116
ITEM	3854	416	814
ITEM	3855	358	761
ITEM	3856	366	768
ITEM	3857	578	937
ITEM	3858	512	890
ITEM	3859	661	990
ITEM	3860	893	1110
ITEM	3861	76	364
ITEM	3862	628	970
ITEM	3863	945	1132
ITEM	3864	754	1042
ITEM	3865	521	897
ITEM	3866	715	1021
ITEM	3867	914	1119
ITEM	3868	671	996
ITEM	3869	741	1036
ITEM	3870	796	1064
ITEM	3871	469	857
ITEM	3872	536	908
ITEM	3873	788	1060
ITEM	3874	52	302
ITEM	3875	576	936
ITEM	3876	423	820
ITEM	3877	8	119
ITEM	3878	211	596
ITEM	3879	218	605
ITEM	3880	368	770
ITEM	3881	849	1090
ITEM	3882	785	1059
ITEM	3883	830	1081
ITEM	3884	683	1003
ITEM	3885	29	226
ITEM	3886	158	519
ITEM	3887	127	467
ITEM	3888	94	403
ITEM	3889	246	640
ITEM	3890	94	403
ITEM	3891	733	1031
ITEM	3892	485	870
ITEM	3893	80	373
ITEM	3894	665	992
ITEM	3895	513	891
ITEM	3896	525	900
ITEM	3897	233	624
ITEM	3898	143	495
ITEM	3899	18	178
ITEM	3900	960	1138
ITEM	3901	774	1053
ITEM	3902	890	1109
ITEM	3903	945	1132
ITEM	3904	855	1093
ITEM	3905	546	915
ITEM	3906	769	1050
ITEM	3907	22	197
ITEM	3908	559	924
ITEM	3909	385	786
ITEM	3910	117	449
ITEM	3911	225	614
ITEM	3912	691	1008
ITEM	3913	303	705
ITEM	3914	800	1066
ITEM	3915	731	1030
ITEM	3916	901	1113
ITEM	3917	312	715
ITEM	3918	391	791
ITEM	3919	509	888
ITEM	3920	718	1023
ITEM	3921	16	168
ITEM	3922	997	1153
ITEM	3923	963	1140
ITEM	3924	244	638
ITEM	3925	657	988
ITEM	3926	768	1050
ITEM	3927	536	908
ITEM	3928	982	1147
ITEM	3929	742	1036
ITEM	3930	618	963
ITEM	3931	662	991
ITEM	3932	585	942
ITEM	3933	934	1128
ITEM	3934	195	574
ITEM	3935	999	1154
ITEM	3936	799	1066
ITEM	3937	346	749
ITEM	3938	614	961
ITEM	3939	328	731
ITEM	3940	382	783
ITEM	3941	900	1113
ITEM	3942	15	162
ITEM	3943	31	233
ITEM	3944	291	692
ITEM	3945	904	1115
ITEM	3946	440	834
ITEM	3947	566	929
ITEM	3948	900	1113
ITEM	3949	512	890
ITEM	3950	94	403
ITEM	3951	818	1075
ITEM	3952	547	916
ITEM	3953	212	597
ITEM	3954	499	881
ITEM	3955	764	1048
ITEM	3956	185	560
ITEM	3957	9	126
ITEM	3958	578	937
ITEM	3959	334	737
ITEM	3960	409	807
ITEM	3961	442	836
ITEM	3962	210	594
ITEM	3963	890	1109
ITEM	3964	663	991
ITEM	3965	120	454
ITEM	3966	268	666
ITEM	3967	212	597
ITEM	3968	879	1104
ITEM	3969	902	1114
ITEM	3970	695	1010
ITEM	3971	421	818
ITEM	3972	359	762
ITEM	3973	397	797
ITEM	3974	626	968
ITEM	3975	723	1026
ITEM	3976	156	516
ITEM	3977	935	1128
ITEM	3978	101	418
ITEM	3979	393	793
ITEM	3980	750	1040
ITEM	3981	666	993
ITEM	3982	403	802
ITEM	3983	899	1113
ITEM	3984	297	699
ITEM	3985	939	1130
ITEM	3986	537	909
ITEM	3987	577	936
ITEM	3988	231	622
ITEM	3989	619	964
ITEM	3990	896	1111
ITEM	3991	762	1047
ITEM	3992	499	881
ITEM	3993	509	888
ITEM	3994	642	978
ITEM	3995	777	1054
ITEM	3996	217	604
ITEM	3997	511	890
ITEM	3998	823	1077
ITEM	3999	693	1009
ITEM	4000	15	162
ITEM	4001	708	1017
ITEM	4002	775	1053
ITEM	4003	260	657
ITEM	4004	868	1099
ITEM	4005	999	1154
ITEM	4006	827	1079
ITEM	4007	920	1122
ITEM	4008	682	1002
ITEM	4009	463	853
ITEM	4010	837	1084
ITEM	4011	305	707
ITEM	4012	428	824
ITEM	4013	96	408
ITEM	4014	609	958
ITEM	4015	128	469
ITEM	4016	88	391
ITEM	4017	82	377
ITEM	4018	702	1014
ITEM	4019	877	1103
ITEM	4020	209	593
ITEM	4021	253	649
ITEM	4022	677	999
ITEM	4023	202	583
ITEM	4024	350	753
ITEM	4025	898	1112
ITEM	4026	295	696
ITEM	4027	430	825
ITEM	4028	178	549
ITEM	4029	567	930
ITEM	4030	728	1028
ITEM	4031	85	384
ITEM	4032	530	904
ITEM	4033	42	271
ITEM	4034	275	674
ITEM	4035	834	1083
ITEM	4036	188	564
ITEM	4037	113	441
ITEM	4038	652	984
ITEM	4039	770	1051
ITEM	4040	670	995
ITEM	4041	335	738
ITEM	4042	356	759
ITEM	4043	422	819
ITEM	4044	819	1076
ITEM	4045	401	800
ITEM	4046	158	519
ITEM	4047	414	812
ITEM	4048	448	840
ITEM	4049	308	710
ITEM	4050	244	638
ITEM	4051	168	534
ITEM	4052	855	1093
ITEM	4053	957	1137
ITEM	4054	31	233
ITEM	4055	570	932
ITEM	4056	464	853
ITEM	4057	347	750
ITEM	4058	208	592
ITEM	4059	988	1150
ITEM	4060	382	783
ITEM	4061	30	230
ITEM	4062	10	133
ITEM	4063	561	925
ITEM	4064	156	516
ITEM	4065	961	1139
ITEM	4066	272	671
ITEM	4067	165	530
ITEM	4068	507	887
ITEM	4069	426	822
ITEM	4070	290	691
ITEM	4071	956	1137
ITEM	4072	327	730
ITEM	4073	179	551
ITEM	4074	23	201
ITEM	4075	900	1113
ITEM	4076	709	1018
ITEM	4077	464	853
ITEM	4078	655	986
ITEM	4079	193	571
ITEM	4080	310	713
ITEM	4081	67	342
ITEM	4082	65	337
ITEM	4083	988	1150
ITEM	4084	810	1071
ITEM	4085	57	316
ITEM	4086	228	618
ITEM	4087	313	716
ITEM	4088	754	1042
ITEM	4089	375	777
ITEM	4090	74	359
ITEM	4091	619	964
ITEM	4092	571	932
ITEM	4093	921	1122
ITEM	4094	850	1090
ITEM	4095	824	1078
ITEM	4096	29	226
ITEM	4097	305	707
ITEM	4098	496	878
ITEM	4099	303	705
ITEM	4100	921	1122
ITEM	4101	905	1115
ITEM	4102	88	391
ITEM	4103	688	1006
ITEM	4104	266	664
ITEM	4105	404	803
ITEM	4106	862	1096
ITEM	4107	921	1122
ITEM	4108	796	1064
ITEM	4109	448	840
ITEM	4110	860	1095
ITEM	4111	437	831
ITEM	4112	16	168
ITEM	4113	588	944
ITEM	4114	728	1028
ITEM	4115	903	1114
ITEM	4116	619	964
ITEM	4117	164	528
ITEM	4118	690	1007
ITEM	4119	409	807
ITEM	4120	535	907
ITEM	4121	282	682
ITEM	4122	242	635
ITEM	4123	523	899
ITEM	4124	394	794
ITEM	4125	546	915
ITEM	4126	587	943
ITEM	4127	112	439
ITEM	4128	692	1008
ITEM	4129	693	1009
ITEM	4130	339	742
ITEM	4131	332	735
ITEM	4132	428	824
ITEM	4133	799	1066
ITEM	4134	548	916
ITEM	4135	712	1020
ITEM	4136	507	887
ITEM	4137	201	582
ITEM	4138	549	917
ITEM	4139	704	1015
ITEM	4140	681	1002
ITEM	4141	797	1065
ITEM	4142	689	1006
ITEM	4143	647	981
ITEM	4144	312	715
ITEM	4145	882	1105
ITEM	4146	449	841
ITEM	4147	513	891
ITEM	4148	738	1034
ITEM	4149	166	531
ITEM	4150	999	1154
ITEM	4151	366	768
ITEM	4152	531	904
ITEM	4153	149	504
ITEM	4154	720	1024
ITEM	4155	933	1127
ITEM	4156	406	805
ITEM	4157	489	873
ITEM	4158	714	1021
ITEM	4159	189	565
ITEM	4160	95	406
ITEM	4161	527	901
ITEM	4162	844	1088
ITEM	4163	367	769
ITEM	4164	936	1128
ITEM	4165	639	976
ITEM	4166	327	730
ITEM	4167	300	702
ITEM	4168	477	864
ITEM	4169	542	912
ITEM	4170	419	816
ITEM	4171	495	878
ITEM	4172	873	1101
ITEM	4173	238	630
ITEM	4174	215	601
ITEM	4175	855	1093
ITEM	4176	349	752
ITEM	4177	740	1035
ITEM	4178	101	418
ITEM	4179	447	840
ITEM	4180	526	901
ITEM	4181	235	627
ITEM	4182	890	1109
ITEM	4183	225	614
ITEM	4184	870	1100
ITEM	4185	839	1085
ITEM	4186	168	534
ITEM	4187	112	439
ITEM	4188	68	344
ITEM	4189	616	962
ITEM	4190	883	1106
ITEM	4191	356	759
ITEM	4192	594	948
ITEM	4193	991	1151
ITEM	4194	713	1020
ITEM	4195	554	921
ITEM	4196	257	653
ITEM	4197	237	629
ITEM	4198	242	635
ITEM	4199	259	656
ITEM	4200	7	111
ITEM	4201	179	551
ITEM	4202	463	853
ITEM	4203	572	933
ITEM	4204	784	1058
ITEM	4205	777	1054
ITEM	4206	666	993
ITEM	4207	625	968
ITEM	4208	687	1005
ITEM	4209	738	1034
ITEM	4210	215	601
ITEM	4211	368	770
ITEM	4212	247	641
ITEM	4213	823	1077
ITEM	4214	258	655
ITEM	4215	557	923
ITEM	4216	88	391
ITEM	4217	996	1153
ITEM	4218	906	1116
ITEM	4219	352	755
ITEM	4220	747	1039
ITEM	4221	77	366
ITEM	4222	900	1113
ITEM	4223	440	834
ITEM	4224	950	1134
ITEM	4225	49	293
ITEM	4226	305	707
ITEM	4227	69	347
ITEM	4228	110	436
ITEM	4229	686	1005
ITEM	4230	262	659
ITEM	4231	927	1125
ITEM	4232	336	739
ITEM	4233	649	983
ITEM	4234	326	729
ITEM	4235	245	639
ITEM	4236	737	1033
ITEM	4237	703	1014
ITEM	4238	427	823
ITEM	4239	51	299
ITEM	4240	291	692
ITEM	4241	229	619
ITEM	4242	975	1144
ITEM	4243	967	1141
ITEM	4244	75	361
ITEM	4245	664	992
ITEM	4246	150	506
ITEM	4247	465	854
ITEM	4248	126	465
ITEM	4249	44	278
ITEM	4250	908	1117
ITEM	4251	981	1147
ITEM	4252	717	1022
ITEM	4253	298	700
ITEM	4254	728	1028
ITEM	4255	803	1068
ITEM	4256	332	735
ITEM	4257	444	837
ITEM	4258	632	972
ITEM	4259	121	456
ITEM	4260	120	454
ITEM	4261	360	763
ITEM	4262	515	893
ITEM	4263	171	539
ITEM	4264	109	434
ITEM	4265	265	663
ITEM	4266	313	716
ITEM	4267	856	1093
ITEM	4268	957	1137
ITEM	4269	585	942
ITEM	4270	40	265
ITEM	4271	761	1046
ITEM	4272	532	905
ITEM	4273	349	752
ITEM	4274	224	613
ITEM	4275	969	1142
ITEM	4276	88	391
ITEM	4277	772	1052
ITEM	4278	772	1052
ITEM	4279	583	940
ITEM	4280	334	737
ITEM	4281	191	568
ITEM	4282	806	1069
ITEM	4283	355	758
ITEM	4284	158	519
ITEM	4285	991	1151
ITEM	4286	488	872
ITEM	4287	336	739
ITEM	4288	314	717
ITEM	4289	706	1016
ITEM	4290	365	767
ITEM	4291	949	1134
ITEM	4292	819	1076
ITEM	4293	915	1120
ITEM	4294	284	684
ITEM	4295	392	792
ITEM	4296	377	779
ITEM	4297	125	463
ITEM	4298	382	783
ITEM	4299	777	1054
ITEM	4300	579	938
ITEM	4301	275	674
ITEM	4302	203	585
ITEM	4303	911	1118
ITEM	4304	188	564
ITEM	4305	16	168
ITEM	4306	460	850
ITEM	4307	128	469
ITEM	4308	271	670
ITEM	4309	445	838
ITEM	4310	486	871
ITEM	4311	76	364
ITEM	4312	464	853
ITEM	4313	422	819
ITEM	4314	887	1107
ITEM	4315	861	1095
ITEM	4316	157	517
ITEM	4317	148	503
ITEM	4318	453	845
ITEM	4319	463	853
ITEM	4320	877	1103
ITEM	4321	140	490
ITEM	4322	830	1081
ITEM	4323	824	1078
ITEM	4324	645	980
ITEM	4325	287	688
ITEM	4326	9	126
ITEM	4327	520	896
ITEM	4328	596	949
ITEM	4329	108	432
ITEM	4330	149	504
ITEM	4331	411	809
ITEM	4332	640	977
ITEM	4333	903	1114
ITEM	4334	768	1050
ITEM	4335	190	567
ITEM	4336	443	836
ITEM	4337	928	1125
ITEM	4338	838	1085
ITEM	4339	232	623
ITEM	4340	514	892
ITEM	4341	258	655
ITEM	4342	809	1071
ITEM	4343	642	978
ITEM	4344	677	999
ITEM	4345	508	887
ITEM	4346	95	406
ITEM	4347	919	1121
ITEM	4348	705	1016
ITEM	4349	40	265
ITEM	4350	58	318
ITEM	4351	137	484
ITEM	4352	408	807
ITEM	4353	837	1084
ITEM	4354	11	139
ITEM	4355	48	290
ITEM	4356	942	1131
ITEM	4357	694	1009
ITEM	4358	286	687
ITEM	4359	18	178
ITEM	4360	632	972
ITEM	4361	872	1101
ITEM	4362	885	1106
ITEM	4363	193	571
ITEM	4364	87	388
ITEM	4365	885	1106
ITEM	4366	746	1038
ITEM	4367	819	1076
ITEM	4368	886	1107
ITEM	4369	564	928
ITEM	4370	168	534
ITEM	4371	97	410
ITEM	4372	614	961
ITEM	4373	72	354
ITEM	4374	416	814
ITEM	4375	507	887
ITEM	4376	539	910
ITEM	4377	999	1154
ITEM	4378	29	226
ITEM	4379	979	1146
ITEM	4380	702	1014
ITEM	4381	221	609
ITEM	4382	888	1108
ITEM	4383	845	1088
ITEM	4384	700	1013
ITEM	4385	666	993
ITEM	4386	545	914
ITEM	4387	955	1136
ITEM	4388	959	1138
ITEM	4389	636	975
ITEM	4390	868	1099
ITEM	4391	878	1103
ITEM	4392	753	1042
ITEM	4393	859	1095
ITEM	4394	519	896
ITEM	4395	589	944
ITEM	4396	772	1052
ITEM	4397	913	1119
ITEM	4398	303	705
ITEM	4399	547	916
ITEM	4400	514	892
ITEM	4401	187	562
ITEM	4402	918	1121
ITEM	4403	573	934
ITEM	4404	275	674
ITEM	4405	25	210
ITEM	4406	137	484
ITEM	4407	431	826
ITEM	4408	25	210
ITEM	4409	224	613
ITEM	4410	946	1133
ITEM	4411	523	899
ITEM	4412	952	1135
ITEM	4413	528	902
ITEM	4414	690	1007
ITEM	4415	603	954
ITEM	4416	953	1136
ITEM	4417	280	680
ITEM	4418	729	1029
ITEM	4419	908	1117
ITEM	4420	854	1092
ITEM	4421	894	1110
ITEM	4422	662	991
ITEM	4423	625	968
ITEM	4424	635	974
ITEM	4425	290	691
ITEM	4426	634	973
ITEM	4427	97	410
ITEM	4428	452	844
ITEM	4429	965	1140
ITEM	4430	761	1046
ITEM	4431	659	989
ITEM	4432	730	1030
ITEM	4433	837	1084
ITEM	4434	211	596
ITEM	4435	540	911
ITEM	4436	107	430
ITEM	4437	539	910
ITEM	4438	958	1138
ITEM	4439	704	1015
ITEM	4440	512	890
ITEM	4441	299	701
ITEM	4442	758	1045
ITEM	4443	64	334
ITEM	4444	166	531
ITEM	4445	76	364
ITEM	4446	363	766
ITEM	4447	959	1138
ITEM	4448	772	1052
ITEM	4449	111	438
ITEM	4450	513	891
ITEM	4451	303	705
ITEM	4452	689	1006
ITEM	4453	528	902
ITEM	4454	734	1032
ITEM	4455	316	719
ITEM	4456	361	764
ITEM	4457	168	534
ITEM	4458	472	860
ITEM	4459	245	639
ITEM	4460	792	1062
ITEM	4461	296	698
ITEM	4462	601	952
ITEM	4463	968	1142
ITEM	4464	343	746
ITEM	4465	340	743
ITEM	4466	826	1079
ITEM	4467	908	1117
ITEM	4468	625	968
ITEM	4469	317	720
ITEM	4470	22	197
ITEM	4471	147	501
ITEM	4472	786	1059
ITEM	4473	115	445
ITEM	4474	33	241
ITEM	4475	146	500
ITEM	4476	962	1139
ITEM	4477	263	660
ITEM	4478	965	1140
ITEM	4479	994	1152
ITEM	4480	170	537
ITEM	4481	373	775
ITEM	4482	506	886
ITEM	4483	568	930
ITEM	4484	433	828
ITEM	4485	882	1105
ITEM	4486	303	705
ITEM	4487	538	909
ITEM	4488	419	816
ITEM	4489	278	678
ITEM	4490	928	1125
ITEM	4491	592	946
ITEM	4492	363	766
ITEM	4493	446	839
ITEM	4494	455	846
ITEM	4495	818	1075
ITEM	4496	567	930
ITEM	4497	298	700
ITEM	4498	199	579
ITEM	4499	622	966
ITEM	4500	251	646
ITEM	4501	341	744
ITEM	4502	629	970
ITEM	4503	114	443
ITEM	4504	39	262
ITEM	4505	348	751
ITEM	4506	997	1153
ITEM	4507	345	748
ITEM	4508	864	1097
ITEM	4509	769	1050
ITEM	4510	708	1017
ITEM	4511	316	719
ITEM	4512	563	927
ITEM	4513	62	329
ITEM	4514	970	1142
ITEM	4515	161	524
ITEM	4516	961	1139
ITEM	4517	580	938
ITEM	4518	749	1040
ITEM	4519	409	807
ITEM	4520	704	1015
ITEM	4521	186	561
ITEM	4522	557	923
ITEM	4523	731	1030
ITEM	4524	641	978
ITEM	4525	234	625
ITEM	4526	116	447
ITEM	4527	85	384
ITEM	4528	24	205
ITEM	4529	99	414
ITEM	4530	423	820
ITEM	4531	654	986
ITEM	4532	314	717
ITEM	4533	878	1103
ITEM	4534	234	625
ITEM	4535	488	872
ITEM	4536	869	1099
ITEM	4537	454	845
ITEM	4538	530	904
ITEM	4539	267	665
ITEM	4540	301	703
ITEM	4541	552	919
ITEM	4542	962	1139
ITEM	4543	69	347
ITEM	4544	778	1055
ITEM	4545	954	1136
ITEM	4546	827	1079
ITEM	4547	571	932
ITEM	4548	55	310
ITEM	4549	529	903
ITEM	4550	603	954
ITEM	4551	578	937
ITEM	4552	517	894
ITEM	4553	238	630
ITEM	4554	566	929
ITEM	4555	283	683
ITEM	4556	9	126
ITEM	4557	761	1046
ITEM	4558	532	905
ITEM	4559	179	551
ITEM	4560	742	1036
ITEM	4561	909	1117
ITEM	4562	244	638
ITEM	4563	10	133
ITEM	4564	49	293
ITEM	4565	472	860
ITEM	4566	447	840
ITEM	4567	685	1004
ITEM	4568	280	680
ITEM	4569	672	996
ITEM	4570	170	537
ITEM	4571	550	918
ITEM	4572	610	958
ITEM	4573	856	1093
ITEM	4574	252	647
ITEM	4575	924	1123
ITEM	4576	44	278
ITEM	4577	607	956
ITEM	4578	652	984
ITEM	4579	319	722
ITEM	4580	403	802
ITEM	4581	913	1119
ITEM	4582	556	922
ITEM	4583	226	615
ITEM	4584	566	929
ITEM	4585	563	927
ITEM	4586	822	1077
ITEM	4587	902	1114
ITEM	4588	757	1044
ITEM	4589	409	807
ITEM	4590	805	1069
ITEM	4591	36	251
ITEM	4592	154	513
ITEM	4593	677	999
ITEM	4594	69	347
ITEM	4595	725	1027
ITEM	4596	596	949
ITEM	4597	952	1135
ITEM	4598	38	258
ITEM	4599	651	984
ITEM	4600	682	1002
ITEM	4601	18	178
ITEM	4602	110	436
ITEM	4603	863	1096
ITEM	4604	33	241
ITEM	4605	201	582
ITEM	4606	261	658
ITEM	4607	88	391
ITEM	4608	999	1154
ITEM	4609	360	763
ITEM	4610	679	1001
ITEM	4611	957	1137
ITEM	4612	598	950
ITEM	4613	203	585
ITEM	4614	453	845
ITEM	4615	67	342
ITEM	4616	963	1140
ITEM	4617	69	347
ITEM	4618	847	1089
ITEM	4619	272	671
ITEM	4620	80	373
ITEM	4621	841	1086
ITEM	4622	197	577
ITEM	4623	127	467
ITEM	4624	100	416
ITEM	4625	133	478
ITEM	4626	958	1138
ITEM	4627	869	1099
ITEM	4628	2	59
ITEM	4629	425	821
ITEM	4630	930	1126
ITEM	4631	864	1097
ITEM	4632	892	1110
ITEM	4633	295	696
ITEM	4634	201	582
ITEM	4635	907	1116
ITEM	4636	719	1023
ITEM	4637	393	793
ITEM	4638	826	1079
ITEM	4639	294	695
ITEM	4640	686	1005
ITEM	4641	334	737
ITEM	4642	797	1065
ITEM	4643	68	344
ITEM	4644	141	491
ITEM	4645	146	500
ITEM	4646	297	699
ITEM	4647	342	745
ITEM	4648	229	619
ITEM	4649	449	841
ITEM	4650	818	1075
ITEM	4651	110	436
ITEM	4652	80	373
ITEM	4653	2	59
ITEM	4654	123	460
ITEM	4655	453	845
ITEM	4656	827	1079
ITEM	4657	787	1060
ITEM	4658	628	970
ITEM	4659	539	910
ITEM	4660	221	609
ITEM	4661	283	683
ITEM	4662	204	586
ITEM	4663	333	736
ITEM	4664	133	478
ITEM	4665	83	380
ITEM	4666	948	1133
ITEM	4667	413	811
ITEM	4668	723	1026
ITEM	4669	517	894
ITEM	4670	943	1131
ITEM	4671	811	1072
ITEM	4672	554	921
ITEM	4673	429	825
ITEM	4674	549	917
ITEM	4675	267	665
ITEM	4676	439	833
ITEM	4677	773	1052
ITEM	4678	247	641
ITEM	4679	827	1079
ITEM	4680	289	690
ITEM	4681	173	542
ITEM	4682	569	931
ITEM	4683	163	527
ITEM	4684	765	1048
ITEM	4685	118	451
ITEM	4686	155	514
ITEM	4687	547	916
ITEM	4688	987	1149
ITEM	4689	933	1127
ITEM	4690	451	843
ITEM	4691	866	1098
ITEM	4692	112	439
ITEM	4693	196	575
ITEM	4694	95	406
ITEM	4695	598	950
ITEM	4696	34	244
ITEM	4697	744	1037
ITEM	4698	513	891
ITEM	4699	145	498
ITEM	4700	5	94
ITEM	4701	939	1130
ITEM	4702	761	1046
ITEM	4703	435	830
ITEM	4704	459	849
ITEM	4705	330	733
ITEM	4706	139	488
ITEM	4707	200	581
ITEM	4708	803	1068
ITEM	4709	397	797
ITEM	4710	616	962
ITEM	4711	828	1080
ITEM	4712	477	864
ITEM	4713	495	878
ITEM	4714	591	946
ITEM	4715	210	594
ITEM	4716	49	293
ITEM	4717	695	1010
ITEM	4718	23	201
ITEM	4719	472	860
ITEM	4720	640	977
ITEM	4721	643	979
ITEM	4722	459	849
ITEM	4723	11	139
ITEM	4724	442	836
ITEM	4725	116	447
ITEM	4726	998	1153
ITEM	4727	731	1030
ITEM	4728	630	971
ITEM	4729	423	820
ITEM	4730	717	1022
ITEM	4731	897	1112
ITEM	4732	434	829
ITEM	4733	306	708
ITEM	4734	588	944
ITEM	4735	498	880
ITEM	4736	663	991
ITEM	4737	500	881
ITEM	4738	423	820
ITEM	4739	543	913
ITEM	4740	454	845
ITEM	4741	609	958
ITEM	4742	876	1102
ITEM	4743	181	554
ITEM	4744	530	904
ITEM	4745	449	841
ITEM	4746	32	237
ITEM	4747	60	324
ITEM	4748	754	1042
ITEM	4749	522	898
ITEM	4750	611	959
ITEM	4751	824	1078
ITEM	4752	250	645
ITEM	4753	772	1052
ITEM	4754	335	738
ITEM	4755	167	533
ITEM	4756	882	1105
ITEM	4757	277	677
ITEM	4758	460	850
ITEM	4759	335	738
ITEM	4760	363	766
ITEM	4761	44	278
ITEM	4762	32	237
ITEM	4763	493	876
ITEM	4764	783	1058
ITEM	4765	548	916
ITEM	4766	886	1107
ITEM	4767	858	1094
ITEM	4768	834	1083
ITEM	4769	185	560
ITEM	4770	915	1120
ITEM	4771	5	94
ITEM	4772	516	893
ITEM	4773	285	685
ITEM	4774	654	986
ITEM	4775	256	652
ITEM	4776	593	947
ITEM	4777	851	1091
ITEM	4778	692	1008
ITEM	4779	554	921
ITEM	4780	604	954
ITEM	4781	669	995
ITEM	4782	962	1139
ITEM	4783	728	1028
ITEM	4784	689	1006
ITEM	4785	956	1137
ITEM	4786	424	820
ITEM	4787	557	923
ITEM	4788	11	139
ITEM	4789	194	572
ITEM	4790	187	562
ITEM	4791	543	913
ITEM	4792	81	375
ITEM	4793	314	717
ITEM	4794	591	946
ITEM	4795	791	1062
ITEM	4796	732	1031
ITEM	4797	875	1102
ITEM	4798	275	674
ITEM	4799	908	1117
ITEM	4800	47	287
ITEM	4801	411	809
ITEM	4802	787	1060
ITEM	4803	325	728
ITEM	4804	20	188
ITEM	4805	580	938
ITEM	4806	734	1032
ITEM	4807	952	1135
ITEM	4808	217	604
ITEM	4809	298	700
ITEM	4810	33	241
ITEM	4811	565	928
ITEM	4812	235	627
ITEM	4813	486	871
ITEM	4814	271	670
ITEM	4815	842	1087
ITEM	4816	233	624
ITEM	4817	612	959
ITEM	4818	722	1025
ITEM	4819	437	831
ITEM	4820	313	716
ITEM	4821	663	991
ITEM	4822	42	271
ITEM	4823	21	192
ITEM	4824	38	258
ITEM	4825	720	1024
ITEM	4826	180	552
ITEM	4827	679	1001
ITEM	4828	867	1098
ITEM	4829	778	1055
ITEM	4830	531	904
ITEM	4831	571	932
ITEM	4832	782	1057
ITEM	4833	985	1148
ITEM	4834	863	1096
ITEM	4835	274	673
ITEM	4836	905	1115
ITEM	4837	931	1126
ITEM	4838	55	310
ITEM	4839	699	1012
ITEM	4840	360	763
ITEM	4841	168	534
ITEM	4842	169	536
ITEM	4843	997	1153
ITEM	4844	185	560
ITEM	4845	606	956
ITEM	4846	894	1110
ITEM	4847	355	758
ITEM	4848	568	930
ITEM	4849	940	1130
ITEM	4850	884	1106
ITEM	4851	93	401
ITEM	4852	180	552
ITEM	4853	762	1047
ITEM	4854	41	268
ITEM	4855	966	1141
ITEM	4856	895	1111
ITEM	4857	531	904
ITEM	4858	244	638
ITEM	4859	75	361
ITEM	4860	680	1001
ITEM	4861	31	233
ITEM	4862	585	942
ITEM	4863	301	703
ITEM	4864	927	1125
ITEM	4865	498	880
ITEM	4866	627	969
ITEM	4867	654	986
ITEM	4868	15	162
ITEM	4869	55	310
ITEM	4870	713	1020
ITEM	4871	460	850
ITEM	4872	385	786
ITEM	4873	620	965
ITEM	4874	873	1101
ITEM	4875	784	1058
ITEM	4876	899	1113
ITEM	4877	942	1131
ITEM	4878	339	742
ITEM	4879	987	1149
ITEM	4880	783	1058
ITEM	4881	918	1121
ITEM	4882	222	610
ITEM	4883	843	1087
ITEM	4884	908	1117
ITEM	4885	849	1090
ITEM	4886	359	762
ITEM	4887	105	426
ITEM	4888	718	1023
ITEM	4889	797	1065
ITEM	4890	881	1105
ITEM	4891	931	1126
ITEM	4892	571	932
ITEM	4893	686	1005
ITEM	4894	526	901
ITEM	4895	84	382
ITEM	4896	774	1053
ITEM	4897	319	722
ITEM	4898	217	604
ITEM	4899	298	700
ITEM	4900	99	414
ITEM	4901	952	1135
ITEM	4902	961	1139
ITEM	4903	729	1029
ITEM	4904	61	326
ITEM	4905	596	949
ITEM	4906	571	932
ITEM	4907	892	1110
ITEM	4908	730	1030
ITEM	4909	689	1006
ITEM	4910	274	673
ITEM	4911	988	1150
ITEM	4912	375	777
ITEM	4913	308	710
ITEM	4914	702	1014
ITEM	4915	35	248
ITEM	4916	700	1013
ITEM	4917	564	928
ITEM	4918	325	728
ITEM	4919	697	1011
ITEM	4920	980	1146
ITEM	4921	350	753
ITEM	4922	849	1090
ITEM	4923	228	618
ITEM	4924	844	1088
ITEM	4925	80	373
ITEM	4926	598	950
ITEM	4927	438	832
ITEM	4928	23	201
ITEM	4929	600	952
ITEM	4930	430	825
ITEM	4931	71	352
ITEM	4932	815	1074
ITEM	4933	903	1114
ITEM	4934	206	589
ITEM	4935	530	904
ITEM	4936	566	929
ITEM	4937	816	1074
ITEM	4938	349	752
ITEM	4939	318	721
ITEM	4940	936	1128
ITEM	4941	321	724
ITEM	4942	521	897
ITEM	4943	142	493
ITEM	4944	245	639
ITEM	4945	651	984
ITEM	4946	947	1133
ITEM	4947	51	299
ITEM	4948	667	994
ITEM	4949	828	1080
ITEM	4950	428	824
ITEM	4951	533	906
ITEM	4952	560	925
ITEM	4953	801	1067
ITEM	4954	560	925
ITEM	4955	979	1146
ITEM	4956	710	1018
ITEM	4957	828	1080
ITEM	4958	202	583
ITEM	4959	409	807
ITEM	4960	780	1056
ITEM	4961	274	673
ITEM	4962	715	1021
ITEM	4963	869	1099
ITEM	4964	725	1027
ITEM	4965	469	857
ITEM	4966	14	157
ITEM	4967	418	815
ITEM	4968	480	866
ITEM	4969	785	1059
ITEM	4970	947	1133
ITEM	4971	92	399
ITEM	4972	680	1001
ITEM	4973	597	950
ITEM	4974	58	318
ITEM	4975	763	1047
ITEM	4976	703	1014
ITEM	4977	272	671
ITEM	4978	237	629
ITEM	4979	300	702
ITEM	4980	825	1078
ITEM	4981	844	1088
ITEM	4982	309	711
ITEM	4983	933	1127
ITEM	4984	744	1037
ITEM	4985	546	915
ITEM	4986	81	375
ITEM	4987	228	618
ITEM	4988	287	688
ITEM	4989	829	1080
ITEM	4990	894	1110
ITEM	4991	577	936
ITEM	4992	556	922
ITEM	4993	56	313
ITEM	4994	182	555
ITEM	4995	618	963
ITEM	4996	298	700
ITEM	4997	493	876
ITEM	4998	105	426
ITEM	4999	482	868
ITEM	5000	793	1063
CAPACITY	1739735		
